psi sys matrix & rhs
A(psi_1) = 
            1 0 0 0 0 0 0 0 0 0   ...  0 0 0 0 0 0 0 0 0 0 
            -0.964668 5.7934 -0.810153 0 0 0 0 0 0 0   ...  0 -1.2646 -0.750382 0 0 0 0 0 0 0 
            0 -0.810153 5.90053 -0.680687 0 0 0 0 0 0   ...  0 0 -1.62514 -0.587645 0 0 0 0 0 0 
            0 0 -0.680687 6.01385 -0.586535 0 0 0 0 0   ...  0 0 0 -2.00397 -0.377527 0 0 0 0 0 
            0 0 0 -0.586535 6.10121 -0.536806 0 0 0 0   ...  0 0 0 0 -2.36368 -0.130594 0 0 0 0 
            0 0 0 0 -0.536806 6.13418 -0.536806 0 0 0   ...  0 0 0 0 0 -2.661 0.130715 0 0 0 
            0 0 0 0 0 -0.536806 6.10121 -0.586535 0 0   ...  0 0 0 0 0 0 -2.86203 0.378426 0 0 
            0 0 0 0 0 0 -0.586535 6.01385 -0.680687 0   ...  0 0 0 0 0 0 0 -2.95448 0.589355 0 
            0 0 0 0 0 0 0 -0.680687 5.90053 -0.810153   ...  0 0 0 0 0 0 0 0 -2.94917 0.752264 
            0 0 0 0 0 0 0 0 -0.810153 5.7934   ...  0 0 0 0 0 0 0 0 0 -2.87143 
              .
              .
              .
            0 0 0 0 0 0 0 0 0 0   ...  6.09973 0 0 0 0 0 0 0 0.619542 -2.45295 
            -0.866506 -1.2646 0 0 0 0 0 0 0 0   ...  0 4.02548 -0.0329492 0 0 0 0 0 0 0 
            0 -0.750382 -1.62514 0 0 0 0 0 0 0   ...  0 -0.0329492 4.39599 -0.028952 0 0 0 0 0 0 
            0 0 -0.587645 -2.00397 0 0 0 0 0 0   ...  0 0 -0.028952 4.86499 -0.108436 0 0 0 0 0 
            0 0 0 -0.377527 -2.36368 0 0 0 0 0   ...  0 0 0 -0.108436 5.38255 -0.275497 0 0 0 0 
            0 0 0 0 -0.130594 -2.661 0 0 0 0   ...  0 0 0 0 -0.275497 5.88 -0.51604 0 0 0 
            0 0 0 0 0 0.130715 -2.86203 0 0 0   ...  0 0 0 0 0 -0.51604 6.2955 -0.801462 0 0 
            0 0 0 0 0 0 0.378426 -2.95448 0 0   ...  0 0 0 0 0 0 -0.801462 6.59873 -1.10078 0 
            0 0 0 0 0 0 0 0.589355 -2.94917 0   ...  0.619542 0 0 0 0 0 0 -1.10078 6.7969 -1.39137 
            0 0 0 0 0 0 0 0 0.752264 -2.87143   ...  -2.45295 0 0 0 0 0 0 0 -1.39137 6.92152 

b(psi_1) = 
 0 -3.39235 -2.49994 -1.63998 -0.998999 -0.759468 -0.998997 -1.63998 -2.49994 -3.39235  ...  -2.20833 -2.91705 -1.79734 -0.694803 0.12685 0.406666 0.0485892 -0.812686 -1.91146 -3.00467
A(psi_2) = 
            1 0 0 0 0 0 0 0 0 0   ...  0 0 0 0 0 0 0 0 0 0 
            -0.965815 5.80664 -0.809573 0 0 0 0 0 0 0   ...  0 -1.26917 -0.752845 0 0 0 0 0 0 0 
            0 -0.809573 5.91414 -0.679929 0 0 0 0 0 0   ...  0 0 -1.63108 -0.589369 0 0 0 0 0 0 
            0 0 -0.679929 6.02761 -0.585734 0 0 0 0 0   ...  0 0 0 -2.01067 -0.378553 0 0 0 0 0 
            0 0 0 -0.585734 6.11492 -0.535967 0 0 0 0   ...  0 0 0 0 -2.37103 -0.130926 0 0 0 0 
            0 0 0 0 -0.535967 6.14784 -0.535967 0 0 0   ...  0 0 0 0 0 -2.66903 0.131082 0 0 0 
            0 0 0 0 0 -0.535967 6.11492 -0.585734 0 0   ...  0 0 0 0 0 0 -2.87075 0.379489 0 0 
            0 0 0 0 0 0 -0.585734 6.02762 -0.679929 0   ...  0 0 0 0 0 0 0 -2.9638 0.591075 0 
            0 0 0 0 0 0 0 -0.679929 5.91417 -0.809504   ...  0 0 0 0 0 0 0 0 -2.95885 0.754599 
            0 0 0 0 0 0 0 0 -0.809504 5.80661   ...  0 0 0 0 0 0 0 0 0 -2.88093 
              .
              .
              .
            0 0 0 0 0 0 0 0 0 0   ...  6.11201 0 0 0 0 0 0 0 0.621592 -2.4612 
            -0.870913 -1.26917 0 0 0 0 0 0 0 0   ...  0 4.0329 -0.0296149 0 0 0 0 0 0 0 
            0 -0.752845 -1.63108 0 0 0 0 0 0 0   ...  0 -0.0296149 4.4046 -0.0262272 0 0 0 0 0 0 
            0 0 -0.589369 -2.01067 0 0 0 0 0 0   ...  0 0 -0.0262272 4.87504 -0.106335 0 0 0 0 0 
            0 0 0 -0.378553 -2.37103 0 0 0 0 0   ...  0 0 0 -0.106335 5.39388 -0.274037 0 0 0 0 
            0 0 0 0 -0.130926 -2.66903 0 0 0 0   ...  0 0 0 0 -0.274037 5.89264 -0.515236 0 0 0 
            0 0 0 0 0 0.131082 -2.87075 0 0 0   ...  0 0 0 0 0 -0.515236 6.30944 -0.801328 0 0 
            0 0 0 0 0 0 0.379489 -2.9638 0 0   ...  0 0 0 0 0 0 -0.801328 6.61384 -1.1013 0 
            0 0 0 0 0 0 0 0.591075 -2.95885 0   ...  0.621592 0 0 0 0 0 0 -1.1013 6.81277 -1.39247 
            0 0 0 0 0 0 0 0 0.754599 -2.88093   ...  -2.4612 0 0 0 0 0 0 0 -1.39247 6.93707 

b(psi_2) = 
 0 -3.35799 -2.46762 -1.60868 -0.968356 -0.729037 -0.968359 -1.60868 -2.46758 -3.35828  ...  -2.1827 -2.88365 -1.76798 -0.668167 0.151558 0.430568 0.0729615 -0.786587 -1.88258 -2.97209
A(psi_3) = 
            1 0 0 0 0 0 0 0 0 0   ...  0 0 0 0 0 0 0 0 0 0 
            -0.96599 5.81983 -0.808964 0 0 0 0 0 0 0   ...  0 -1.27401 -0.7554 0 0 0 0 0 0 0 
            0 -0.808964 5.92779 -0.679155 0 0 0 0 0 0   ...  0 0 -1.63704 -0.591117 0 0 0 0 0 0 
            0 0 -0.679155 6.04154 -0.584931 0 0 0 0 0   ...  0 0 0 -2.01745 -0.379594 0 0 0 0 0 
            0 0 0 -0.584931 6.12885 -0.535131 0 0 0 0   ...  0 0 0 0 -2.37849 -0.131264 0 0 0 0 
            0 0 0 0 -0.535131 6.16174 -0.535132 0 0 0   ...  0 0 0 0 0 -2.67719 0.131451 0 0 0 
            0 0 0 0 0 -0.535132 6.12885 -0.584933 0 0   ...  0 0 0 0 0 0 -2.87959 0.380558 0 0 
            0 0 0 0 0 0 -0.584933 6.04155 -0.679157 0   ...  0 0 0 0 0 0 0 -2.97321 0.592796 0 
            0 0 0 0 0 0 0 -0.679157 5.92788 -0.808837   ...  0 0 0 0 0 0 0 0 -2.96856 0.756921 
            0 0 0 0 0 0 0 0 -0.808837 5.8198   ...  0 0 0 0 0 0 0 0 0 -2.89038 
              .
              .
              .
            0 0 0 0 0 0 0 0 0 0   ...  6.12447 0 0 0 0 0 0 0 0.623696 -2.46956 
            -0.874732 -1.27401 0 0 0 0 0 0 0 0   ...  0 4.0405 -0.0262223 0 0 0 0 0 0 0 
            0 -0.7554 -1.63704 0 0 0 0 0 0 0   ...  0 -0.0262223 4.41334 -0.0234787 0 0 0 0 0 0 
            0 0 -0.591117 -2.01745 0 0 0 0 0 0   ...  0 0 -0.0234787 4.88521 -0.104213 0 0 0 0 0 
            0 0 0 -0.379594 -2.37849 0 0 0 0 0   ...  0 0 0 -0.104213 5.40536 -0.27256 0 0 0 0 
            0 0 0 0 -0.131264 -2.67719 0 0 0 0   ...  0 0 0 0 -0.27256 5.90542 -0.514423 0 0 0 
            0 0 0 0 0 0.131451 -2.87959 0 0 0   ...  0 0 0 0 0 -0.514423 6.32354 -0.801195 0 0 
            0 0 0 0 0 0 0.380558 -2.97321 0 0   ...  0 0 0 0 0 0 -0.801195 6.62909 -1.10184 0 
            0 0 0 0 0 0 0 0.592796 -2.96856 0   ...  0.623696 0 0 0 0 0 0 -1.10184 6.8288 -1.39364 
            0 0 0 0 0 0 0 0 0.756921 -2.89038   ...  -2.46956 0 0 0 0 0 0 0 -1.39364 6.95277 

b(psi_3) = 
 0 -3.32457 -2.43537 -1.57774 -0.938282 -0.699256 -0.938281 -1.57773 -2.43525 -3.32462  ...  -2.15725 -2.85256 -1.73927 -0.641859 0.176104 0.45438 0.0972454 -0.76062 -1.85393 -2.94005
A(psi_4) = 
            1 0 0 0 0 0 0 0 0 0   ...  0 0 0 0 0 0 0 0 0 0 
            -0.965878 5.83301 -0.80832 0 0 0 0 0 0 0   ...  0 -1.27894 -0.757992 0 0 0 0 0 0 0 
            0 -0.80832 5.94152 -0.678367 0 0 0 0 0 0   ...  0 0 -1.64307 -0.592885 0 0 0 0 0 0 
            0 0 -0.678367 6.05562 -0.584124 0 0 0 0 0   ...  0 0 0 -2.02431 -0.380648 0 0 0 0 0 
            0 0 0 -0.584124 6.14298 -0.534295 0 0 0 0   ...  0 0 0 0 -2.38605 -0.131609 0 0 0 0 
            0 0 0 0 -0.534295 6.17585 -0.534295 0 0 0   ...  0 0 0 0 0 -2.68545 0.131821 0 0 0 
            0 0 0 0 0 -0.534295 6.14299 -0.584127 0 0   ...  0 0 0 0 0 0 -2.88854 0.381635 0 0 
            0 0 0 0 0 0 -0.584127 6.05566 -0.678374 0   ...  0 0 0 0 0 0 0 -2.98271 0.594523 0 
            0 0 0 0 0 0 0 -0.678374 5.9417 -0.808148   ...  0 0 0 0 0 0 0 0 -2.97833 0.759236 
            0 0 0 0 0 0 0 0 -0.808148 5.83299   ...  0 0 0 0 0 0 0 0 0 -2.89983 
              .
              .
              .
            0 0 0 0 0 0 0 0 0 0   ...  6.13711 0 0 0 0 0 0 0 0.625841 -2.47803 
            -0.878364 -1.27894 0 0 0 0 0 0 0 0   ...  0 4.04821 -0.0228033 0 0 0 0 0 0 0 
            0 -0.757992 -1.64307 0 0 0 0 0 0 0   ...  0 -0.0228033 4.42222 -0.0207066 0 0 0 0 0 0 
            0 0 -0.592885 -2.02431 0 0 0 0 0 0   ...  0 0 -0.0207066 4.89552 -0.10207 0 0 0 0 0 
            0 0 0 -0.380648 -2.38605 0 0 0 0 0   ...  0 0 0 -0.10207 5.41699 -0.271067 0 0 0 0 
            0 0 0 0 -0.131609 -2.68545 0 0 0 0   ...  0 0 0 0 -0.271067 5.91837 -0.513602 0 0 0 
            0 0 0 0 0 0.131821 -2.88854 0 0 0   ...  0 0 0 0 0 -0.513602 6.3378 -0.801065 0 0 
            0 0 0 0 0 0 0.381635 -2.98271 0 0   ...  0 0 0 0 0 0 -0.801065 6.6445 -1.1024 0 
            0 0 0 0 0 0 0 0.594523 -2.97833 0   ...  0.625841 0 0 0 0 0 0 -1.1024 6.845 -1.39486 
            0 0 0 0 0 0 0 0 0.759236 -2.89983   ...  -2.47803 0 0 0 0 0 0 0 -1.39486 6.96862 

b(psi_4) = 
 0 -3.29119 -2.4032 -1.54705 -0.908605 -0.669933 -0.908607 -1.54702 -2.40299 -3.29093  ...  -2.13207 -2.82244 -1.71102 -0.615815 0.200483 0.478066 0.121423 -0.734786 -1.82546 -2.90841
A(psi_5) = 
            1 0 0 0 0 0 0 0 0 0   ...  0 0 0 0 0 0 0 0 0 0 
            -0.965669 5.8462 -0.807649 0 0 0 0 0 0 0   ...  0 -1.2839 -0.760607 0 0 0 0 0 0 0 
            0 -0.807649 5.95538 -0.677565 0 0 0 0 0 0   ...  0 0 -1.64915 -0.594675 0 0 0 0 0 0 
            0 0 -0.677565 6.06987 -0.583311 0 0 0 0 0   ...  0 0 0 -2.03125 -0.381717 0 0 0 0 0 
            0 0 0 -0.583311 6.15732 -0.533456 0 0 0 0   ...  0 0 0 0 -2.39371 -0.131961 0 0 0 0 
            0 0 0 0 -0.533456 6.19017 -0.533456 0 0 0   ...  0 0 0 0 0 -2.69382 0.132194 0 0 0 
            0 0 0 0 0 -0.533456 6.15732 -0.583316 0 0   ...  0 0 0 0 0 0 -2.89759 0.382719 0 0 
            0 0 0 0 0 0 -0.583316 6.06993 -0.677582 0   ...  0 0 0 0 0 0 0 -2.9923 0.596258 0 
            0 0 0 0 0 0 0 -0.677582 5.95566 -0.807441   ...  0 0 0 0 0 0 0 0 -2.98817 0.761553 
            0 0 0 0 0 0 0 0 -0.807441 5.84622   ...  0 0 0 0 0 0 0 0 0 -2.90931 
              .
              .
              .
            0 0 0 0 0 0 0 0 0 0   ...  6.14992 0 0 0 0 0 0 0 0.628017 -2.48657 
            -0.881933 -1.2839 0 0 0 0 0 0 0 0   ...  0 4.05599 -0.0193641 0 0 0 0 0 0 0 
            0 -0.760607 -1.64915 0 0 0 0 0 0 0   ...  0 -0.0193641 4.43123 -0.0179113 0 0 0 0 0 0 
            0 0 -0.594675 -2.03125 0 0 0 0 0 0   ...  0 0 -0.0179113 4.90597 -0.0999075 0 0 0 0 0 
            0 0 0 -0.381717 -2.39371 0 0 0 0 0   ...  0 0 0 -0.0999075 5.42877 -0.26956 0 0 0 0 
            0 0 0 0 -0.131961 -2.69382 0 0 0 0   ...  0 0 0 0 -0.26956 5.93148 -0.512776 0 0 0 
            0 0 0 0 0 0.132194 -2.89759 0 0 0   ...  0 0 0 0 0 -0.512776 6.35223 -0.800941 0 0 
            0 0 0 0 0 0 0.382719 -2.9923 0 0   ...  0 0 0 0 0 0 -0.800941 6.66008 -1.10298 0 
            0 0 0 0 0 0 0 0.596258 -2.98817 0   ...  0.628017 0 0 0 0 0 0 -1.10298 6.86137 -1.39611 
            0 0 0 0 0 0 0 0 0.761553 -2.90931   ...  -2.48657 0 0 0 0 0 0 0 -1.39611 6.98461 

b(psi_5) = 
 0 -3.25764 -2.37111 -1.51657 -0.879238 -0.64095 -0.879234 -1.51652 -2.37081 -3.25712  ...  -2.10715 -2.79267 -1.68309 -0.590027 0.22467 0.501594 0.145447 -0.709092 -1.79714 -2.87701
A(psi_6) = 
            1 0 0 0 0 0 0 0 0 0   ...  0 0 0 0 0 0 0 0 0 0 
            -0.965431 5.85943 -0.806959 0 0 0 0 0 0 0   ...  0 -1.2889 -0.763243 0 0 0 0 0 0 0 
            0 -0.806959 5.96938 -0.676752 0 0 0 0 0 0   ...  0 0 -1.65531 -0.596485 0 0 0 0 0 0 
            0 0 -0.676752 6.08428 -0.582492 0 0 0 0 0   ...  0 0 0 -2.03827 -0.382799 0 0 0 0 0 
            0 0 0 -0.582492 6.17184 -0.532613 0 0 0 0   ...  0 0 0 0 -2.40147 -0.132318 0 0 0 0 
            0 0 0 0 -0.532613 6.20469 -0.532614 0 0 0   ...  0 0 0 0 0 -2.7023 0.132568 0 0 0 
            0 0 0 0 0 -0.532614 6.17185 -0.582501 0 0   ...  0 0 0 0 0 0 -2.90676 0.383812 0 0 
            0 0 0 0 0 0 -0.582501 6.08438 -0.676781 0   ...  0 0 0 0 0 0 0 -3.002 0.598002 0 
            0 0 0 0 0 0 0 -0.676781 5.96977 -0.806723   ...  0 0 0 0 0 0 0 0 -2.99809 0.763877 
            0 0 0 0 0 0 0 0 -0.806723 5.8595   ...  0 0 0 0 0 0 0 0 0 -2.91881 
              .
              .
              .
            0 0 0 0 0 0 0 0 0 0   ...  6.16289 0 0 0 0 0 0 0 0.63022 -2.49519 
            -0.885485 -1.2889 0 0 0 0 0 0 0 0   ...  0 4.06386 -0.0159049 0 0 0 0 0 0 0 
            0 -0.763243 -1.65531 0 0 0 0 0 0 0   ...  0 -0.0159049 4.44038 -0.0150929 0 0 0 0 0 0 
            0 0 -0.596485 -2.03827 0 0 0 0 0 0   ...  0 0 -0.0150929 4.91655 -0.0977256 0 0 0 0 0 
            0 0 0 -0.382799 -2.40147 0 0 0 0 0   ...  0 0 0 -0.0977256 5.44071 -0.268041 0 0 0 0 
            0 0 0 0 -0.132318 -2.7023 0 0 0 0   ...  0 0 0 0 -0.268041 5.94476 -0.511945 0 0 0 
            0 0 0 0 0 0.132568 -2.90676 0 0 0   ...  0 0 0 0 0 -0.511945 6.36683 -0.800821 0 0 
            0 0 0 0 0 0 0.383812 -3.002 0 0   ...  0 0 0 0 0 0 -0.800821 6.67583 -1.10358 0 
            0 0 0 0 0 0 0 0.598002 -2.99809 0   ...  0.63022 0 0 0 0 0 0 -1.10358 6.87793 -1.39739 
            0 0 0 0 0 0 0 0 0.763877 -2.91881   ...  -2.49519 0 0 0 0 0 0 0 -1.39739 7.0007 

b(psi_6) = 
 0 -3.22395 -2.33914 -1.48628 -0.850131 -0.612263 -0.850123 -1.48622 -2.33874 -3.22322  ...  -2.08249 -2.76302 -1.65545 -0.564477 0.248647 0.524927 0.169301 -0.683546 -1.76897 -2.84574
A(psi_7) = 
            1 0 0 0 0 0 0 0 0 0   ...  0 0 0 0 0 0 0 0 0 0 
            -0.96518 5.8727 -0.806258 0 0 0 0 0 0 0   ...  0 -1.29392 -0.765896 0 0 0 0 0 0 0 
            0 -0.806258 5.98352 -0.675929 0 0 0 0 0 0   ...  0 0 -1.66154 -0.598315 0 0 0 0 0 0 
            0 0 -0.675929 6.09887 -0.581669 0 0 0 0 0   ...  0 0 0 -2.04538 -0.383895 0 0 0 0 0 
            0 0 0 -0.581669 6.18657 -0.531766 0 0 0 0   ...  0 0 0 0 -2.40933 -0.132681 0 0 0 0 
            0 0 0 0 -0.531766 6.21941 -0.531767 0 0 0   ...  0 0 0 0 0 -2.71089 0.132945 0 0 0 
            0 0 0 0 0 -0.531767 6.18658 -0.581681 0 0   ...  0 0 0 0 0 0 -2.91603 0.384913 0 0 
            0 0 0 0 0 0 -0.581681 6.099 -0.675974 0   ...  0 0 0 0 0 0 0 -3.01179 0.599758 0 
            0 0 0 0 0 0 0 -0.675974 5.98403 -0.805996   ...  0 0 0 0 0 0 0 0 -3.00809 0.766212 
            0 0 0 0 0 0 0 0 -0.805996 5.87286   ...  0 0 0 0 0 0 0 0 0 -2.92835 
              .
              .
              .
            0 0 0 0 0 0 0 0 0 0   ...  6.176 0 0 0 0 0 0 0 0.632445 -2.50387 
            -0.889039 -1.29392 0 0 0 0 0 0 0 0   ...  0 4.07181 -0.0124263 0 0 0 0 0 0 0 
            0 -0.765896 -1.66154 0 0 0 0 0 0 0   ...  0 -0.0124263 4.44966 -0.0122513 0 0 0 0 0 0 
            0 0 -0.598315 -2.04538 0 0 0 0 0 0   ...  0 0 -0.0122513 4.92728 -0.0955253 0 0 0 0 0 
            0 0 0 -0.383895 -2.40933 0 0 0 0 0   ...  0 0 0 -0.0955253 5.4528 -0.266509 0 0 0 0 
            0 0 0 0 -0.132681 -2.71089 0 0 0 0   ...  0 0 0 0 -0.266509 5.95821 -0.51111 0 0 0 
            0 0 0 0 0 0.132945 -2.91603 0 0 0   ...  0 0 0 0 0 -0.51111 6.38161 -0.800707 0 0 
            0 0 0 0 0 0 0.384913 -3.01179 0 0   ...  0 0 0 0 0 0 -0.800707 6.69177 -1.10419 0 
            0 0 0 0 0 0 0 0.599758 -3.00809 0   ...  0.632445 0 0 0 0 0 0 -1.10419 6.89466 -1.39869 
            0 0 0 0 0 0 0 0 0.766212 -2.92835   ...  -2.50387 0 0 0 0 0 0 0 -1.39869 7.0169 

b(psi_7) = 
 0 -3.19015 -2.30727 -1.45618 -0.821257 -0.583824 -0.821246 -1.45609 -2.30677 -3.18928  ...  -2.05806 -2.73341 -1.62803 -0.539156 0.272419 0.548074 0.192979 -0.658152 -1.74092 -2.81452
A(psi_8) = 
            1 0 0 0 0 0 0 0 0 0   ...  0 0 0 0 0 0 0 0 0 0 
            -0.964925 5.88605 -0.805548 0 0 0 0 0 0 0   ...  0 -1.29899 -0.768568 0 0 0 0 0 0 0 
            0 -0.805548 5.99781 -0.675099 0 0 0 0 0 0   ...  0 0 -1.66785 -0.600164 0 0 0 0 0 0 
            0 0 -0.675099 6.11363 -0.580839 0 0 0 0 0   ...  0 0 0 -2.05257 -0.385004 0 0 0 0 0 
            0 0 0 -0.580839 6.20148 -0.530915 0 0 0 0   ...  0 0 0 0 -2.41728 -0.13305 0 0 0 0 
            0 0 0 0 -0.530915 6.23434 -0.530916 0 0 0   ...  0 0 0 0 0 -2.71958 0.133324 0 0 0 
            0 0 0 0 0 -0.530916 6.2015 -0.580855 0 0   ...  0 0 0 0 0 0 -2.92542 0.386022 0 0 
            0 0 0 0 0 0 -0.580855 6.1138 -0.67516 0   ...  0 0 0 0 0 0 0 -3.02168 0.601526 0 
            0 0 0 0 0 0 0 -0.67516 5.99845 -0.805262   ...  0 0 0 0 0 0 0 0 -3.01818 0.768558 
            0 0 0 0 0 0 0 0 -0.805262 5.8863   ...  0 0 0 0 0 0 0 0 0 -2.93792 
              .
              .
              .
            0 0 0 0 0 0 0 0 0 0   ...  6.18925 0 0 0 0 0 0 0 0.634694 -2.51261 
            -0.892609 -1.29899 0 0 0 0 0 0 0 0   ...  0 4.07986 -0.00892691 0 0 0 0 0 0 0 
            0 -0.768568 -1.66785 0 0 0 0 0 0 0   ...  0 -0.00892691 4.45908 -0.00938628 0 0 0 0 0 0 
            0 0 -0.600164 -2.05257 0 0 0 0 0 0   ...  0 0 -0.00938628 4.93815 -0.093306 0 0 0 0 0 
            0 0 0 -0.385004 -2.41728 0 0 0 0 0   ...  0 0 0 -0.093306 5.46506 -0.264965 0 0 0 0 
            0 0 0 0 -0.13305 -2.71958 0 0 0 0   ...  0 0 0 0 -0.264965 5.97183 -0.510272 0 0 0 
            0 0 0 0 0 0.133324 -2.92542 0 0 0   ...  0 0 0 0 0 -0.510272 6.39657 -0.8006 0 0 
            0 0 0 0 0 0 0.386022 -3.02168 0 0   ...  0 0 0 0 0 0 -0.8006 6.70788 -1.10482 0 
            0 0 0 0 0 0 0 0.601526 -3.01818 0   ...  0.634694 0 0 0 0 0 0 -1.10482 6.91157 -1.40001 
            0 0 0 0 0 0 0 0 0.768558 -2.93792   ...  -2.51261 0 0 0 0 0 0 0 -1.40001 7.0332 

b(psi_8) = 
 0 -3.15632 -2.27554 -1.42626 -0.792612 -0.555634 -0.792595 -1.42614 -2.27493 -3.15534  ...  -2.03385 -2.70384 -1.60084 -0.514073 0.29596 0.570992 0.216456 -0.632937 -1.71302 -2.78338
A(psi_9) = 
            1 0 0 0 0 0 0 0 0 0   ...  0 0 0 0 0 0 0 0 0 0 
            -0.964674 5.89948 -0.80483 0 0 0 0 0 0 0   ...  0 -1.30409 -0.771261 0 0 0 0 0 0 0 
            0 -0.80483 6.01225 -0.674262 0 0 0 0 0 0   ...  0 0 -1.67423 -0.602033 0 0 0 0 0 0 
            0 0 -0.674262 6.12857 -0.580004 0 0 0 0 0   ...  0 0 0 -2.05986 -0.386126 0 0 0 0 0 
            0 0 0 -0.580004 6.21659 -0.530059 0 0 0 0   ...  0 0 0 0 -2.42533 -0.133425 0 0 0 0 
            0 0 0 0 -0.530059 6.24946 -0.53006 0 0 0   ...  0 0 0 0 0 -2.72838 0.133705 0 0 0 
            0 0 0 0 0 -0.53006 6.21662 -0.580024 0 0   ...  0 0 0 0 0 0 -2.93491 0.387141 0 0 
            0 0 0 0 0 0 -0.580024 6.12879 -0.674341 0   ...  0 0 0 0 0 0 0 -3.03168 0.603307 0 
            0 0 0 0 0 0 0 -0.674341 6.01304 -0.804522   ...  0 0 0 0 0 0 0 0 -3.02837 0.77092 
            0 0 0 0 0 0 0 0 -0.804522 5.89985   ...  0 0 0 0 0 0 0 0 0 -2.94755 
              .
              .
              .
            0 0 0 0 0 0 0 0 0 0   ...  6.20265 0 0 0 0 0 0 0 0.636966 -2.52141 
            -0.896199 -1.30409 0 0 0 0 0 0 0 0   ...  0 4.08799 -0.00540512 0 0 0 0 0 0 0 
            0 -0.771261 -1.67423 0 0 0 0 0 0 0   ...  0 -0.00540512 4.46863 -0.0064979 0 0 0 0 0 0 
            0 0 -0.602033 -2.05986 0 0 0 0 0 0   ...  0 0 -0.0064979 4.94917 -0.091068 0 0 0 0 0 
            0 0 0 -0.386126 -2.42533 0 0 0 0 0   ...  0 0 0 -0.091068 5.47747 -0.263409 0 0 0 0 
            0 0 0 0 -0.133425 -2.72838 0 0 0 0   ...  0 0 0 0 -0.263409 5.98562 -0.50943 0 0 0 
            0 0 0 0 0 0.133705 -2.93491 0 0 0   ...  0 0 0 0 0 -0.50943 6.41172 -0.800498 0 0 
            0 0 0 0 0 0 0.387141 -3.03168 0 0   ...  0 0 0 0 0 0 -0.800498 6.72418 -1.10547 0 
            0 0 0 0 0 0 0 0.603307 -3.02837 0   ...  0.636966 0 0 0 0 0 0 -1.10547 6.92867 -1.40135 
            0 0 0 0 0 0 0 0 0.77092 -2.94755   ...  -2.52141 0 0 0 0 0 0 0 -1.40135 7.04961 

b(psi_9) = 
 0 -3.12247 -2.24394 -1.39652 -0.764167 -0.527653 -0.764146 -1.39637 -2.2432 -3.12141  ...  -2.00984 -2.6743 -1.57384 -0.489215 0.319287 0.593706 0.239744 -0.607874 -1.68523 -2.75229
A(psi_10) = 
             1 0 0 0 0 0 0 0 0 0   ...  0 0 0 0 0 0 0 0 0 0 
             -0.964426 5.913 -0.804105 0 0 0 0 0 0 0   ...  0 -1.30925 -0.773975 0 0 0 0 0 0 0 
             0 -0.804105 6.02686 -0.673418 0 0 0 0 0 0   ...  0 0 -1.68069 -0.603922 0 0 0 0 0 0 
             0 0 -0.673418 6.14369 -0.579164 0 0 0 0 0   ...  0 0 0 -2.06722 -0.387261 0 0 0 0 0 
             0 0 0 -0.579164 6.2319 -0.529198 0 0 0 0   ...  0 0 0 0 -2.43348 -0.133806 0 0 0 0 
             0 0 0 0 -0.529198 6.26479 -0.5292 0 0 0   ...  0 0 0 0 0 -2.73728 0.134089 0 0 0 
             0 0 0 0 0 -0.5292 6.23193 -0.579189 0 0   ...  0 0 0 0 0 0 -2.94452 0.38827 0 0 
             0 0 0 0 0 0 -0.579189 6.14397 -0.673517 0   ...  0 0 0 0 0 0 0 -3.04179 0.605102 0 
             0 0 0 0 0 0 0 -0.673517 6.02779 -0.803777   ...  0 0 0 0 0 0 0 0 -3.03865 0.773297 
             0 0 0 0 0 0 0 0 -0.803777 5.9135   ...  0 0 0 0 0 0 0 0 0 -2.95722 
               .
               .
               .
             0 0 0 0 0 0 0 0 0 0   ...  6.21618 0 0 0 0 0 0 0 0.639259 -2.53028 
             -0.899813 -1.30925 0 0 0 0 0 0 0 0   ...  0 4.09624 -0.00186058 0 0 0 0 0 0 0 
             0 -0.773975 -1.68069 0 0 0 0 0 0 0   ...  0 -0.00186058 4.47833 -0.00358589 0 0 0 0 0 0 
             0 0 -0.603922 -2.06722 0 0 0 0 0 0   ...  0 0 -0.00358589 4.96034 -0.0888116 0 0 0 0 0 
             0 0 0 -0.387261 -2.43348 0 0 0 0 0   ...  0 0 0 -0.0888116 5.49005 -0.261842 0 0 0 0 
             0 0 0 0 -0.133806 -2.73728 0 0 0 0   ...  0 0 0 0 -0.261842 5.99959 -0.508585 0 0 0 
             0 0 0 0 0 0.134089 -2.94452 0 0 0   ...  0 0 0 0 0 -0.508585 6.42705 -0.800402 0 0 
             0 0 0 0 0 0 0.38827 -3.04179 0 0   ...  0 0 0 0 0 0 -0.800402 6.74068 -1.10613 0 
             0 0 0 0 0 0 0 0.605102 -3.03865 0   ...  0.639259 0 0 0 0 0 0 -1.10613 6.94595 -1.40271 
             0 0 0 0 0 0 0 0 0.773297 -2.95722   ...  -2.53028 0 0 0 0 0 0 0 -1.40271 7.06614 

b(psi_10) = 
 0 -3.08865 -2.21247 -1.36695 -0.735926 -0.49989 -0.735898 -1.36676 -2.21161 -3.08753  ...  -1.98601 -2.64483 -1.54704 -0.464573 0.34239 0.616202 0.262832 -0.582986 -1.65758 -2.72128
A(psi_11) = 
             1 0 0 0 0 0 0 0 0 0   ...  0 0 0 0 0 0 0 0 0 0 
             -0.964182 5.92663 -0.803374 0 0 0 0 0 0 0   ...  0 -1.31445 -0.77671 0 0 0 0 0 0 0 
             0 -0.803374 6.04163 -0.672567 0 0 0 0 0 0   ...  0 0 -1.68723 -0.60583 0 0 0 0 0 0 
             0 0 -0.672567 6.159 -0.578319 0 0 0 0 0   ...  0 0 0 -2.07469 -0.38841 0 0 0 0 0 
             0 0 0 -0.578319 6.24741 -0.528333 0 0 0 0   ...  0 0 0 0 -2.44174 -0.134192 0 0 0 0 
             0 0 0 0 -0.528333 6.28032 -0.528336 0 0 0   ...  0 0 0 0 0 -2.7463 0.134475 0 0 0 
             0 0 0 0 0 -0.528336 6.24745 -0.57835 0 0   ...  0 0 0 0 0 0 -2.95424 0.389408 0 0 
             0 0 0 0 0 0 -0.57835 6.15934 -0.672688 0   ...  0 0 0 0 0 0 0 -3.05201 0.606911 0 
             0 0 0 0 0 0 0 -0.672688 6.04272 -0.803027   ...  0 0 0 0 0 0 0 0 -3.04903 0.77569 
             0 0 0 0 0 0 0 0 -0.803027 5.92728   ...  0 0 0 0 0 0 0 0 0 -2.96696 
               .
               .
               .
             0 0 0 0 0 0 0 0 0 0   ...  6.22985 0 0 0 0 0 0 0 0.641574 -2.53922 
             -0.903456 -1.31445 0 0 0 0 0 0 0 0   ...  0 4.10459 0.00170804 0 0 0 0 0 0 0 
             0 -0.77671 -1.68723 0 0 0 0 0 0 0   ...  0 0.00170804 4.48816 -0.000650339 0 0 0 0 0 0 
             0 0 -0.60583 -2.07469 0 0 0 0 0 0   ...  0 0 -0.000650339 4.97166 -0.0865363 0 0 0 0 0 
             0 0 0 -0.38841 -2.44174 0 0 0 0 0   ...  0 0 0 -0.0865363 5.5028 -0.260262 0 0 0 0 
             0 0 0 0 -0.134192 -2.7463 0 0 0 0   ...  0 0 0 0 -0.260262 6.01375 -0.507736 0 0 0 
             0 0 0 0 0 0.134475 -2.95424 0 0 0   ...  0 0 0 0 0 -0.507736 6.44258 -0.800313 0 0 
             0 0 0 0 0 0 0.389408 -3.05201 0 0   ...  0 0 0 0 0 0 -0.800313 6.75736 -1.10681 0 
             0 0 0 0 0 0 0 0.606911 -3.04903 0   ...  0.641574 0 0 0 0 0 0 -1.10681 6.96341 -1.40409 
             0 0 0 0 0 0 0 0 0.77569 -2.96696   ...  -2.53922 0 0 0 0 0 0 0 -1.40409 7.08278 

b(psi_11) = 
 0 -3.05487 -2.18114 -1.33757 -0.707889 -0.472338 -0.707851 -1.33733 -2.18016 -3.05374  ...  -1.96238 -2.61544 -1.52044 -0.440166 0.365258 0.638479 0.285714 -0.558277 -1.63006 -2.69036
A(psi_12) = 
             1 0 0 0 0 0 0 0 0 0   ...  0 0 0 0 0 0 0 0 0 0 
             -0.963942 5.94037 -0.802637 0 0 0 0 0 0 0   ...  0 -1.31971 -0.779467 0 0 0 0 0 0 0 
             0 -0.802637 6.05657 -0.671711 0 0 0 0 0 0   ...  0 0 -1.69385 -0.607758 0 0 0 0 0 0 
             0 0 -0.671711 6.17451 -0.577469 0 0 0 0 0   ...  0 0 0 -2.08224 -0.389573 0 0 0 0 0 
             0 0 0 -0.577469 6.26312 -0.527464 0 0 0 0   ...  0 0 0 0 -2.45009 -0.134584 0 0 0 0 
             0 0 0 0 -0.527464 6.29605 -0.527467 0 0 0   ...  0 0 0 0 0 -2.75543 0.134864 0 0 0 
             0 0 0 0 0 -0.527467 6.26317 -0.577506 0 0   ...  0 0 0 0 0 0 -2.96407 0.390556 0 0 
             0 0 0 0 0 0 -0.577506 6.1749 -0.671854 0   ...  0 0 0 0 0 0 0 -3.06234 0.608735 0 
             0 0 0 0 0 0 0 -0.671854 6.05782 -0.802271   ...  0 0 0 0 0 0 0 0 -3.0595 0.7781 
             0 0 0 0 0 0 0 0 -0.802271 5.94118   ...  0 0 0 0 0 0 0 0 0 -2.97675 
               .
               .
               .
             0 0 0 0 0 0 0 0 0 0   ...  6.24366 0 0 0 0 0 0 0 0.643912 -2.54823 
             -0.90713 -1.31971 0 0 0 0 0 0 0 0   ...  0 4.11306 0.00530097 0 0 0 0 0 0 0 
             0 -0.779467 -1.69385 0 0 0 0 0 0 0   ...  0 0.00530097 4.49813 0.00230905 0 0 0 0 0 0 
             0 0 -0.607758 -2.08224 0 0 0 0 0 0   ...  0 0 0.00230905 4.98315 -0.084242 0 0 0 0 0 
             0 0 0 -0.389573 -2.45009 0 0 0 0 0   ...  0 0 0 -0.084242 5.51571 -0.258671 0 0 0 0 
             0 0 0 0 -0.134584 -2.75543 0 0 0 0   ...  0 0 0 0 -0.258671 6.02808 -0.506884 0 0 0 
             0 0 0 0 0 0.134864 -2.96407 0 0 0   ...  0 0 0 0 0 -0.506884 6.45829 -0.80023 0 0 
             0 0 0 0 0 0 0.390556 -3.06234 0 0   ...  0 0 0 0 0 0 -0.80023 6.77425 -1.1075 0 
             0 0 0 0 0 0 0 0.608735 -3.0595 0   ...  0.643912 0 0 0 0 0 0 -1.1075 6.98106 -1.4055 
             0 0 0 0 0 0 0 0 0.7781 -2.97675   ...  -2.54823 0 0 0 0 0 0 0 -1.4055 7.09955 

b(psi_12) = 
 0 -3.02116 -2.14994 -1.30835 -0.68004 -0.444981 -0.679991 -1.30807 -2.14884 -3.02002  ...  -1.93894 -2.58613 -1.49402 -0.415969 0.38792 0.660541 0.308401 -0.533735 -1.60268 -2.65952
A(psi_13) = 
             1 0 0 0 0 0 0 0 0 0   ...  0 0 0 0 0 0 0 0 0 0 
             -0.963706 5.95423 -0.801894 0 0 0 0 0 0 0   ...  0 -1.32502 -0.782246 0 0 0 0 0 0 0 
             0 -0.801894 6.07168 -0.670848 0 0 0 0 0 0   ...  0 0 -1.70055 -0.609706 0 0 0 0 0 0 
             0 0 -0.670848 6.19021 -0.576614 0 0 0 0 0   ...  0 0 0 -2.08989 -0.390749 0 0 0 0 0 
             0 0 0 -0.576614 6.27904 -0.526591 0 0 0 0   ...  0 0 0 0 -2.45854 -0.134982 0 0 0 0 
             0 0 0 0 -0.526591 6.312 -0.526594 0 0 0   ...  0 0 0 0 0 -2.76467 0.135256 0 0 0 
             0 0 0 0 0 -0.526594 6.2791 -0.576658 0 0   ...  0 0 0 0 0 0 -2.97402 0.391715 0 0 
             0 0 0 0 0 0 -0.576658 6.19066 -0.671015 0   ...  0 0 0 0 0 0 0 -3.07278 0.610575 0 
             0 0 0 0 0 0 0 -0.671015 6.0731 -0.801512   ...  0 0 0 0 0 0 0 0 -3.07008 0.780527 
             0 0 0 0 0 0 0 0 -0.801512 5.95522   ...  0 0 0 0 0 0 0 0 0 -2.98661 
               .
               .
               .
             0 0 0 0 0 0 0 0 0 0   ...  6.25762 0 0 0 0 0 0 0 0.646272 -2.55732 
             -0.910837 -1.32502 0 0 0 0 0 0 0 0   ...  0 4.12165 0.00891954 0 0 0 0 0 0 0 
             0 -0.782246 -1.70055 0 0 0 0 0 0 0   ...  0 0.00891954 4.50824 0.0052928 0 0 0 0 0 0 
             0 0 -0.609706 -2.08989 0 0 0 0 0 0   ...  0 0 0.0052928 4.99479 -0.0819287 0 0 0 0 0 
             0 0 0 -0.390749 -2.45854 0 0 0 0 0   ...  0 0 0 -0.0819287 5.5288 -0.257068 0 0 0 0 
             0 0 0 0 -0.134982 -2.76467 0 0 0 0   ...  0 0 0 0 -0.257068 6.04261 -0.506029 0 0 0 
             0 0 0 0 0 0.135256 -2.97402 0 0 0   ...  0 0 0 0 0 -0.506029 6.47421 -0.800153 0 0 
             0 0 0 0 0 0 0.391715 -3.07278 0 0   ...  0 0 0 0 0 0 -0.800153 6.79134 -1.10821 0 
             0 0 0 0 0 0 0 0.610575 -3.07008 0   ...  0.646272 0 0 0 0 0 0 -1.10821 6.99891 -1.40692 
             0 0 0 0 0 0 0 0 0.780527 -2.98661   ...  -2.55732 0 0 0 0 0 0 0 -1.40692 7.11646 

b(psi_13) = 
 0 -2.98752 -2.11889 -1.2793 -0.652381 -0.417822 -0.652323 -1.27898 -2.11765 -2.9864  ...  -1.91569 -2.55694 -1.46778 -0.391986 0.410359 0.682394 0.330893 -0.509363 -1.57543 -2.6288
A(psi_14) = 
             1 0 0 0 0 0 0 0 0 0   ...  0 0 0 0 0 0 0 0 0 0 
             -0.963474 5.96822 -0.801143 0 0 0 0 0 0 0   ...  0 -1.3304 -0.78505 0 0 0 0 0 0 0 
             0 -0.801143 6.08697 -0.66998 0 0 0 0 0 0   ...  0 0 -1.70734 -0.611674 0 0 0 0 0 0 
             0 0 -0.66998 6.20611 -0.575754 0 0 0 0 0   ...  0 0 0 -2.09763 -0.391938 0 0 0 0 0 
             0 0 0 -0.575754 6.29516 -0.525712 0 0 0 0   ...  0 0 0 0 -2.46711 -0.135386 0 0 0 0 
             0 0 0 0 -0.525712 6.32816 -0.525717 0 0 0   ...  0 0 0 0 0 -2.77402 0.13565 0 0 0 
             0 0 0 0 0 -0.525717 6.29524 -0.575806 0 0   ...  0 0 0 0 0 0 -2.98409 0.392883 0 0 
             0 0 0 0 0 0 -0.575806 6.20663 -0.670172 0   ...  0 0 0 0 0 0 0 -3.08335 0.61243 0 
             0 0 0 0 0 0 0 -0.670172 6.08857 -0.800745   ...  0 0 0 0 0 0 0 0 -3.08076 0.782971 
             0 0 0 0 0 0 0 0 -0.800745 5.96939   ...  0 0 0 0 0 0 0 0 0 -2.99654 
               .
               .
               .
             0 0 0 0 0 0 0 0 0 0   ...  6.27173 0 0 0 0 0 0 0 0.648654 -2.56648 
             -0.91458 -1.3304 0 0 0 0 0 0 0 0   ...  0 4.13037 0.0125647 0 0 0 0 0 0 0 
             0 -0.78505 -1.70734 0 0 0 0 0 0 0   ...  0 0.0125647 4.5185 0.00830096 0 0 0 0 0 0 
             0 0 -0.611674 -2.09763 0 0 0 0 0 0   ...  0 0 0.00830096 5.00659 -0.0795967 0 0 0 0 0 
             0 0 0 -0.391938 -2.46711 0 0 0 0 0   ...  0 0 0 -0.0795967 5.54207 -0.255453 0 0 0 0 
             0 0 0 0 -0.135386 -2.77402 0 0 0 0   ...  0 0 0 0 -0.255453 6.05732 -0.505171 0 0 0 
             0 0 0 0 0 0.13565 -2.98409 0 0 0   ...  0 0 0 0 0 -0.505171 6.49032 -0.800083 0 0 
             0 0 0 0 0 0 0.392883 -3.08335 0 0   ...  0 0 0 0 0 0 -0.800083 6.80864 -1.10894 0 
             0 0 0 0 0 0 0 0.61243 -3.08076 0   ...  0.648654 0 0 0 0 0 0 -1.10894 7.01695 -1.40836 
             0 0 0 0 0 0 0 0 0.782971 -2.99654   ...  -2.56648 0 0 0 0 0 0 0 -1.40836 7.13351 

b(psi_14) = 
 0 -2.95398 -2.08798 -1.25043 -0.624921 -0.390869 -0.624847 -1.25006 -2.08662 -2.9529  ...  -1.89265 -2.52787 -1.44174 -0.36823 0.432573 0.70402 0.353172 -0.485182 -1.54834 -2.59821
A(psi_15) = 
             1 0 0 0 0 0 0 0 0 0   ...  0 0 0 0 0 0 0 0 0 0 
             -0.963247 5.98234 -0.800386 0 0 0 0 0 0 0   ...  0 -1.33584 -0.787877 0 0 0 0 0 0 0 
             0 -0.800386 6.10244 -0.669105 0 0 0 0 0 0   ...  0 0 -1.71421 -0.613661 0 0 0 0 0 0 
             0 0 -0.669105 6.22221 -0.57489 0 0 0 0 0   ...  0 0 0 -2.10548 -0.39314 0 0 0 0 0 
             0 0 0 -0.57489 6.3115 -0.52483 0 0 0 0   ...  0 0 0 0 -2.47577 -0.135794 0 0 0 0 
             0 0 0 0 -0.52483 6.34454 -0.524836 0 0 0   ...  0 0 0 0 0 -2.78349 0.136047 0 0 0 
             0 0 0 0 0 -0.524836 6.31159 -0.574949 0 0   ...  0 0 0 0 0 0 -2.99428 0.394062 0 0 
             0 0 0 0 0 0 -0.574949 6.2228 -0.669324 0   ...  0 0 0 0 0 0 0 -3.09403 0.614301 0 
             0 0 0 0 0 0 0 -0.669324 6.10422 -0.799972   ...  0 0 0 0 0 0 0 0 -3.09155 0.785434 
             0 0 0 0 0 0 0 0 -0.799972 5.98371   ...  0 0 0 0 0 0 0 0 0 -3.00655 
               .
               .
               .
             0 0 0 0 0 0 0 0 0 0   ...  6.28599 0 0 0 0 0 0 0 0.651059 -2.57572 
             -0.91836 -1.33584 0 0 0 0 0 0 0 0   ...  0 4.13923 0.0162367 0 0 0 0 0 0 0 
             0 -0.787877 -1.71421 0 0 0 0 0 0 0   ...  0 0.0162367 4.52891 0.0113338 0 0 0 0 0 0 
             0 0 -0.613661 -2.10548 0 0 0 0 0 0   ...  0 0 0.0113338 5.01856 -0.0772455 0 0 0 0 0 
             0 0 0 -0.39314 -2.47577 0 0 0 0 0   ...  0 0 0 -0.0772455 5.55551 -0.253826 0 0 0 0 
             0 0 0 0 -0.135794 -2.78349 0 0 0 0   ...  0 0 0 0 -0.253826 6.07222 -0.504309 0 0 0 
             0 0 0 0 0 0.136047 -2.99428 0 0 0   ...  0 0 0 0 0 -0.504309 6.50664 -0.800019 0 0 
             0 0 0 0 0 0 0.394062 -3.09403 0 0   ...  0 0 0 0 0 0 -0.800019 6.82615 -1.10968 0 
             0 0 0 0 0 0 0 0.614301 -3.09155 0   ...  0.651059 0 0 0 0 0 0 -1.10968 7.0352 -1.40981 
             0 0 0 0 0 0 0 0 0.785434 -3.00655   ...  -2.57572 0 0 0 0 0 0 0 -1.40981 7.15071 

b(psi_15) = 
 0 -2.92053 -2.05721 -1.22174 -0.597646 -0.3641 -0.597562 -1.2213 -2.05572 -2.91952  ...  -1.86982 -2.49894 -1.41588 -0.344683 0.454568 0.725434 0.375256 -0.461171 -1.52141 -2.56775
A(psi_16) = 
             1 0 0 0 0 0 0 0 0 0   ...  0 0 0 0 0 0 0 0 0 0 
             -0.963024 5.99659 -0.799621 0 0 0 0 0 0 0   ...  0 -1.34135 -0.79073 0 0 0 0 0 0 0 
             0 -0.799621 6.11809 -0.668225 0 0 0 0 0 0   ...  0 0 -1.72117 -0.615669 0 0 0 0 0 0 
             0 0 -0.668225 6.23852 -0.574022 0 0 0 0 0   ...  0 0 0 -2.11342 -0.394356 0 0 0 0 0 
             0 0 0 -0.574022 6.32806 -0.523943 0 0 0 0   ...  0 0 0 0 -2.48455 -0.136209 0 0 0 0 
             0 0 0 0 -0.523943 6.36113 -0.52395 0 0 0   ...  0 0 0 0 0 -2.79307 0.136447 0 0 0 
             0 0 0 0 0 -0.52395 6.32816 -0.574088 0 0   ...  0 0 0 0 0 0 -3.00459 0.395252 0 0 
             0 0 0 0 0 0 -0.574088 6.23919 -0.668472 0   ...  0 0 0 0 0 0 0 -3.10483 0.616188 0 
             0 0 0 0 0 0 0 -0.668472 6.12006 -0.799193   ...  0 0 0 0 0 0 0 0 -3.10244 0.787914 
             0 0 0 0 0 0 0 0 -0.799193 5.99819   ...  0 0 0 0 0 0 0 0 0 -3.01663 
               .
               .
               .
             0 0 0 0 0 0 0 0 0 0   ...  6.3004 0 0 0 0 0 0 0 0.653488 -2.58504 
             -0.922178 -1.34135 0 0 0 0 0 0 0 0   ...  0 4.14822 0.0199371 0 0 0 0 0 0 0 
             0 -0.79073 -1.72117 0 0 0 0 0 0 0   ...  0 0.0199371 4.53948 0.0143916 0 0 0 0 0 0 
             0 0 -0.615669 -2.11342 0 0 0 0 0 0   ...  0 0 0.0143916 5.03071 -0.0748745 0 0 0 0 0 
             0 0 0 -0.394356 -2.48455 0 0 0 0 0   ...  0 0 0 -0.0748745 5.56913 -0.252187 0 0 0 0 
             0 0 0 0 -0.136209 -2.79307 0 0 0 0   ...  0 0 0 0 -0.252187 6.08732 -0.503445 0 0 0 
             0 0 0 0 0 0.136447 -3.00459 0 0 0   ...  0 0 0 0 0 -0.503445 6.52317 -0.799962 0 0 
             0 0 0 0 0 0 0.395252 -3.10483 0 0   ...  0 0 0 0 0 0 -0.799962 6.84387 -1.11044 0 
             0 0 0 0 0 0 0 0.616188 -3.10244 0   ...  0.653488 0 0 0 0 0 0 -1.11044 7.05364 -1.41129 
             0 0 0 0 0 0 0 0 0.787914 -3.01663   ...  -2.58504 0 0 0 0 0 0 0 -1.41129 7.16806 

b(psi_16) = 
 0 -2.88721 -2.02659 -1.19322 -0.570564 -0.337538 -0.570465 -1.19273 -2.02497 -2.88628  ...  -1.8472 -2.47016 -1.39022 -0.32136 0.476338 0.746625 0.397128 -0.437357 -1.49463 -2.53744
A(psi_17) = 
             1 0 0 0 0 0 0 0 0 0   ...  0 0 0 0 0 0 0 0 0 0 
             -0.962802 6.01099 -0.798849 0 0 0 0 0 0 0   ...  0 -1.34693 -0.793608 0 0 0 0 0 0 0 
             0 -0.798849 6.13392 -0.667338 0 0 0 0 0 0   ...  0 0 -1.72823 -0.617697 0 0 0 0 0 0 
             0 0 -0.667338 6.25505 -0.573149 0 0 0 0 0   ...  0 0 0 -2.12147 -0.395585 0 0 0 0 0 
             0 0 0 -0.573149 6.34484 -0.523053 0 0 0 0   ...  0 0 0 0 -2.49344 -0.136629 0 0 0 0 
             0 0 0 0 -0.523053 6.37795 -0.523061 0 0 0   ...  0 0 0 0 0 -2.80277 0.136851 0 0 0 
             0 0 0 0 0 -0.523061 6.34496 -0.573224 0 0   ...  0 0 0 0 0 0 -3.01503 0.396454 0 0 
             0 0 0 0 0 0 -0.573224 6.25579 -0.667614 0   ...  0 0 0 0 0 0 0 -3.11576 0.618092 0 
             0 0 0 0 0 0 0 -0.667614 6.1361 -0.798406   ...  0 0 0 0 0 0 0 0 -3.11344 0.790412 
             0 0 0 0 0 0 0 0 -0.798406 6.01282   ...  0 0 0 0 0 0 0 0 0 -3.02678 
               .
               .
               .
             0 0 0 0 0 0 0 0 0 0   ...  6.31497 0 0 0 0 0 0 0 0.65594 -2.59444 
             -0.926034 -1.34693 0 0 0 0 0 0 0 0   ...  0 4.15736 0.0236656 0 0 0 0 0 0 0 
             0 -0.793608 -1.72823 0 0 0 0 0 0 0   ...  0 0.0236656 4.5502 0.017475 0 0 0 0 0 0 
             0 0 -0.617697 -2.12147 0 0 0 0 0 0   ...  0 0 0.017475 5.04302 -0.0724844 0 0 0 0 0 
             0 0 0 -0.395585 -2.49344 0 0 0 0 0   ...  0 0 0 -0.0724844 5.58295 -0.250537 0 0 0 0 
             0 0 0 0 -0.136629 -2.80277 0 0 0 0   ...  0 0 0 0 -0.250537 6.10262 -0.502577 0 0 0 
             0 0 0 0 0 0.136851 -3.01503 0 0 0   ...  0 0 0 0 0 -0.502577 6.53991 -0.799912 0 0 
             0 0 0 0 0 0 0.396454 -3.11576 0 0   ...  0 0 0 0 0 0 -0.799912 6.86182 -1.11121 0 
             0 0 0 0 0 0 0 0.618092 -3.11344 0   ...  0.65594 0 0 0 0 0 0 -1.11121 7.07229 -1.41279 
             0 0 0 0 0 0 0 0 0.790412 -3.02678   ...  -2.59444 0 0 0 0 0 0 0 -1.41279 7.18556 

b(psi_17) = 
 0 -2.85401 -1.99612 -1.16488 -0.543672 -0.311169 -0.543549 -1.16433 -1.99438 -2.85317  ...  -1.8248 -2.44153 -1.36474 -0.29825 0.49789 0.767606 0.418795 -0.413719 -1.46802 -2.50728
A(psi_18) = 
             1 0 0 0 0 0 0 0 0 0   ...  0 0 0 0 0 0 0 0 0 0 
             -0.962587 6.02554 -0.79807 0 0 0 0 0 0 0   ...  0 -1.35258 -0.796512 0 0 0 0 0 0 0 
             0 -0.79807 6.14995 -0.666444 0 0 0 0 0 0   ...  0 0 -1.73538 -0.619745 0 0 0 0 0 0 
             0 0 -0.666444 6.2718 -0.572271 0 0 0 0 0   ...  0 0 0 -2.12962 -0.396828 0 0 0 0 0 
             0 0 0 -0.572271 6.36184 -0.522158 0 0 0 0   ...  0 0 0 0 -2.50244 -0.137055 0 0 0 0 
             0 0 0 0 -0.522158 6.39499 -0.522167 0 0 0   ...  0 0 0 0 0 -2.81259 0.137257 0 0 0 
             0 0 0 0 0 -0.522167 6.36198 -0.572356 0 0   ...  0 0 0 0 0 0 -3.0256 0.397666 0 0 
             0 0 0 0 0 0 -0.572356 6.27262 -0.666751 0   ...  0 0 0 0 0 0 0 -3.12682 0.620012 0 
             0 0 0 0 0 0 0 -0.666751 6.15234 -0.797613   ...  0 0 0 0 0 0 0 0 -3.12456 0.792929 
             0 0 0 0 0 0 0 0 -0.797613 6.02761   ...  0 0 0 0 0 0 0 0 0 -3.03702 
               .
               .
               .
             0 0 0 0 0 0 0 0 0 0   ...  6.3297 0 0 0 0 0 0 0 0.658415 -2.60393 
             -0.929933 -1.35258 0 0 0 0 0 0 0 0   ...  0 4.16664 0.0274237 0 0 0 0 0 0 0 
             0 -0.796512 -1.73538 0 0 0 0 0 0 0   ...  0 0.0274237 4.56108 0.0205837 0 0 0 0 0 0 
             0 0 -0.619745 -2.12962 0 0 0 0 0 0   ...  0 0 0.0205837 5.05551 -0.0700741 0 0 0 0 0 
             0 0 0 -0.396828 -2.50244 0 0 0 0 0   ...  0 0 0 -0.0700741 5.59695 -0.248874 0 0 0 0 
             0 0 0 0 -0.137055 -2.81259 0 0 0 0   ...  0 0 0 0 -0.248874 6.11812 -0.501707 0 0 0 
             0 0 0 0 0 0.137257 -3.0256 0 0 0   ...  0 0 0 0 0 -0.501707 6.55687 -0.799869 0 0 
             0 0 0 0 0 0 0.397666 -3.12682 0 0   ...  0 0 0 0 0 0 -0.799869 6.87999 -1.112 0 
             0 0 0 0 0 0 0 0.620012 -3.12456 0   ...  0.658415 0 0 0 0 0 0 -1.112 7.09116 -1.41431 
             0 0 0 0 0 0 0 0 0.792929 -3.03702   ...  -2.60393 0 0 0 0 0 0 0 -1.41431 7.20322 

b(psi_18) = 
 0 -2.82094 -1.9658 -1.13671 -0.516963 -0.284984 -0.516824 -1.13609 -1.96393 -2.82021  ...  -1.80262 -2.41306 -1.33946 -0.275351 0.519221 0.78837 0.440263 -0.39027 -1.44156 -2.47728
A(psi_19) = 
             1 0 0 0 0 0 0 0 0 0   ...  0 0 0 0 0 0 0 0 0 0 
             -0.962376 6.04024 -0.797281 0 0 0 0 0 0 0   ...  0 -1.3583 -0.799442 0 0 0 0 0 0 0 
             0 -0.797281 6.16617 -0.665544 0 0 0 0 0 0   ...  0 0 -1.74262 -0.621813 0 0 0 0 0 0 
             0 0 -0.665544 6.28877 -0.57139 0 0 0 0 0   ...  0 0 0 -2.13788 -0.398085 0 0 0 0 0 
             0 0 0 -0.57139 6.37907 -0.521259 0 0 0 0   ...  0 0 0 0 -2.51155 -0.137486 0 0 0 0 
             0 0 0 0 -0.521259 6.41227 -0.52127 0 0 0   ...  0 0 0 0 0 -2.82254 0.137667 0 0 0 
             0 0 0 0 0 -0.52127 6.37923 -0.571483 0 0   ...  0 0 0 0 0 0 -3.03629 0.39889 0 0 
             0 0 0 0 0 0 -0.571483 6.28967 -0.66588 0   ...  0 0 0 0 0 0 0 -3.138 0.621948 0 
             0 0 0 0 0 0 0 -0.66588 6.16878 -0.796812   ...  0 0 0 0 0 0 0 0 -3.13578 0.795463 
             0 0 0 0 0 0 0 0 -0.796812 6.04256   ...  0 0 0 0 0 0 0 0 0 -3.04734 
               .
               .
               .
             0 0 0 0 0 0 0 0 0 0   ...  6.3446 0 0 0 0 0 0 0 0.660914 -2.61351 
             -0.933873 -1.3583 0 0 0 0 0 0 0 0   ...  0 4.17608 0.0312117 0 0 0 0 0 0 0 
             0 -0.799442 -1.74262 0 0 0 0 0 0 0   ...  0 0.0312117 4.57213 0.0237184 0 0 0 0 0 0 
             0 0 -0.621813 -2.13788 0 0 0 0 0 0   ...  0 0 0.0237184 5.06818 -0.0676444 0 0 0 0 0 
             0 0 0 -0.398085 -2.51155 0 0 0 0 0   ...  0 0 0 -0.0676444 5.61114 -0.247199 0 0 0 0 
             0 0 0 0 -0.137486 -2.82254 0 0 0 0   ...  0 0 0 0 -0.247199 6.13384 -0.500833 0 0 0 
             0 0 0 0 0 0.137667 -3.03629 0 0 0   ...  0 0 0 0 0 -0.500833 6.57405 -0.799833 0 0 
             0 0 0 0 0 0 0.39889 -3.138 0 0   ...  0 0 0 0 0 0 -0.799833 6.89839 -1.1128 0 
