psi sys matrix & rhs
A(psi_1) = 
            1 0 0 0 0 0 0 0 0 0   ...  0 0 0 0 0 0 0 0 0 0 
            -0.964668 5.7934 -0.810153 0 0 0 0 0 0 0   ...  0 -1.2646 -0.750382 0 0 0 0 0 0 0 
            0 -0.810153 5.90053 -0.680687 0 0 0 0 0 0   ...  0 0 -1.62514 -0.587645 0 0 0 0 0 0 
            0 0 -0.680687 6.01385 -0.586535 0 0 0 0 0   ...  0 0 0 -2.00397 -0.377527 0 0 0 0 0 
            0 0 0 -0.586535 6.10121 -0.536806 0 0 0 0   ...  0 0 0 0 -2.36368 -0.130594 0 0 0 0 
            0 0 0 0 -0.536806 6.13418 -0.536806 0 0 0   ...  0 0 0 0 0 -2.661 0.130715 0 0 0 
            0 0 0 0 0 -0.536806 6.10121 -0.586535 0 0   ...  0 0 0 0 0 0 -2.86203 0.378426 0 0 
            0 0 0 0 0 0 -0.586535 6.01385 -0.680687 0   ...  0 0 0 0 0 0 0 -2.95448 0.589355 0 
            0 0 0 0 0 0 0 -0.680687 5.90053 -0.810153   ...  0 0 0 0 0 0 0 0 -2.94917 0.752264 
            0 0 0 0 0 0 0 0 -0.810153 5.7934   ...  0 0 0 0 0 0 0 0 0 -2.87143 
              .
              .
              .
            0 0 0 0 0 0 0 0 0 0   ...  6.09973 0 0 0 0 0 0 0 0.619542 -2.45295 
            -0.866506 -1.2646 0 0 0 0 0 0 0 0   ...  0 4.02548 -0.0329492 0 0 0 0 0 0 0 
            0 -0.750382 -1.62514 0 0 0 0 0 0 0   ...  0 -0.0329492 4.39599 -0.028952 0 0 0 0 0 0 
            0 0 -0.587645 -2.00397 0 0 0 0 0 0   ...  0 0 -0.028952 4.86499 -0.108436 0 0 0 0 0 
            0 0 0 -0.377527 -2.36368 0 0 0 0 0   ...  0 0 0 -0.108436 5.38255 -0.275497 0 0 0 0 
            0 0 0 0 -0.130594 -2.661 0 0 0 0   ...  0 0 0 0 -0.275497 5.88 -0.51604 0 0 0 
            0 0 0 0 0 0.130715 -2.86203 0 0 0   ...  0 0 0 0 0 -0.51604 6.2955 -0.801462 0 0 
            0 0 0 0 0 0 0.378426 -2.95448 0 0   ...  0 0 0 0 0 0 -0.801462 6.59873 -1.10078 0 
            0 0 0 0 0 0 0 0.589355 -2.94917 0   ...  0.619542 0 0 0 0 0 0 -1.10078 6.7969 -1.39137 
            0 0 0 0 0 0 0 0 0.752264 -2.87143   ...  -2.45295 0 0 0 0 0 0 0 -1.39137 6.92152 

b(psi_1) = 
 0 1.67575 1.21336 0.766516 0.432768 0.307907 0.432767 0.766517 1.21336 1.67575  ...  1.08257 1.43206 0.855433 0.286605 -0.137835 -0.282161 -0.0961377 0.350025 0.917726 1.48067
A(psi_2) = 
            1 0 0 0 0 0 0 0 0 0   ...  0 0 0 0 0 0 0 0 0 0 
            -0.96662 5.8022 -0.810068 0 0 0 0 0 0 0   ...  0 -1.26592 -0.752966 0 0 0 0 0 0 0 
            0 -0.810068 5.91114 -0.680485 0 0 0 0 0 0   ...  0 0 -1.62833 -0.58982 0 0 0 0 0 0 
            0 0 -0.680485 6.02614 -0.586297 0 0 0 0 0   ...  0 0 0 -2.00882 -0.378897 0 0 0 0 0 
            0 0 0 -0.586297 6.11443 -0.536534 0 0 0 0   ...  0 0 0 0 -2.37011 -0.130938 0 0 0 0 
            0 0 0 0 -0.536534 6.14766 -0.536534 0 0 0   ...  0 0 0 0 0 -2.66872 0.13142 0 0 0 
            0 0 0 0 0 -0.536534 6.1144 -0.586296 0 0   ...  0 0 0 0 0 0 -2.87054 0.380004 0 0 
            0 0 0 0 0 0 -0.586296 6.02606 -0.680488 0   ...  0 0 0 0 0 0 0 -2.96306 0.591459 0 
            0 0 0 0 0 0 0 -0.680488 5.91102 -0.810068   ...  0 0 0 0 0 0 0 0 -2.95689 0.754514 
            0 0 0 0 0 0 0 0 -0.810068 5.80184   ...  0 0 0 0 0 0 0 0 0 -2.87745 
              .
              .
              .
            0 0 0 0 0 0 0 0 0 0   ...  6.1079 0 0 0 0 0 0 0 0.621889 -2.45728 
            -0.869872 -1.26592 0 0 0 0 0 0 0 0   ...  0 4.02822 -0.0308123 0 0 0 0 0 0 0 
            0 -0.752966 -1.62833 0 0 0 0 0 0 0   ...  0 -0.0308123 4.40041 -0.0264805 0 0 0 0 0 0 
            0 0 -0.58982 -2.00882 0 0 0 0 0 0   ...  0 0 -0.0264805 4.8718 -0.106196 0 0 0 0 0 
            0 0 0 -0.378897 -2.37011 0 0 0 0 0   ...  0 0 0 -0.106196 5.39205 -0.274099 0 0 0 0 
            0 0 0 0 -0.130938 -2.66872 0 0 0 0   ...  0 0 0 0 -0.274099 5.89202 -0.515867 0 0 0 
            0 0 0 0 0 0.13142 -2.87054 0 0 0   ...  0 0 0 0 0 -0.515867 6.30931 -0.802516 0 0 
            0 0 0 0 0 0 0.380004 -2.96306 0 0   ...  0 0 0 0 0 0 -0.802516 6.61312 -1.10277 0 
            0 0 0 0 0 0 0 0.591459 -2.95689 0   ...  0.621889 0 0 0 0 0 0 -1.10277 6.81039 -1.39394 
            0 0 0 0 0 0 0 0 0.754514 -2.87745   ...  -2.45728 0 0 0 0 0 0 0 -1.39394 6.93274 

b(psi_2) = 
 0 1.67772 1.21272 0.763761 0.427365 0.301252 0.427353 0.763731 1.21263 1.67656  ...  1.08463 1.4358 0.855854 0.28383 -0.144014 -0.289492 -0.10145 0.348108 0.918204 1.48172
A(psi_3) = 
            1 0 0 0 0 0 0 0 0 0   ...  0 0 0 0 0 0 0 0 0 0 
            -0.968206 5.81097 -0.81 0 0 0 0 0 0 0   ...  0 -1.2673 -0.755583 0 0 0 0 0 0 0 
            0 -0.81 5.92174 -0.68029 0 0 0 0 0 0   ...  0 0 -1.6315 -0.592003 0 0 0 0 0 0 
            0 0 -0.68029 6.03845 -0.586069 0 0 0 0 0   ...  0 0 0 -2.01365 -0.380271 0 0 0 0 0 
            0 0 0 -0.586069 6.12768 -0.536274 0 0 0 0   ...  0 0 0 0 -2.37654 -0.131282 0 0 0 0 
            0 0 0 0 -0.536274 6.16118 -0.536273 0 0 0   ...  0 0 0 0 0 -2.67644 0.13213 0 0 0 
            0 0 0 0 0 -0.536273 6.1276 -0.586066 0 0   ...  0 0 0 0 0 0 -2.87906 0.38159 0 0 
            0 0 0 0 0 0 -0.586066 6.03829 -0.680296 0   ...  0 0 0 0 0 0 0 -2.97165 0.593567 0 
            0 0 0 0 0 0 0 -0.680296 5.9215 -0.809998   ...  0 0 0 0 0 0 0 0 -2.9646 0.756767 
            0 0 0 0 0 0 0 0 -0.809998 5.81026   ...  0 0 0 0 0 0 0 0 0 -2.88343 
              .
              .
              .
            0 0 0 0 0 0 0 0 0 0   ...  6.11612 0 0 0 0 0 0 0 0.624256 -2.46164 
            -0.87303 -1.2673 0 0 0 0 0 0 0 0   ...  0 4.03098 -0.0286635 0 0 0 0 0 0 0 
            0 -0.755583 -1.6315 0 0 0 0 0 0 0   ...  0 -0.0286635 4.40483 -0.0240068 0 0 0 0 0 0 
            0 0 -0.592003 -2.01365 0 0 0 0 0 0   ...  0 0 -0.0240068 4.87861 -0.103955 0 0 0 0 0 
            0 0 0 -0.380271 -2.37654 0 0 0 0 0   ...  0 0 0 -0.103955 5.40157 -0.272704 0 0 0 0 
            0 0 0 0 -0.131282 -2.67644 0 0 0 0   ...  0 0 0 0 -0.272704 5.90408 -0.515709 0 0 0 
            0 0 0 0 0 0.13213 -2.87906 0 0 0   ...  0 0 0 0 0 -0.515709 6.32319 -0.803591 0 0 
            0 0 0 0 0 0 0.38159 -2.97165 0 0   ...  0 0 0 0 0 0 -0.803591 6.62756 -1.10478 0 
            0 0 0 0 0 0 0 0.593567 -2.9646 0   ...  0.624256 0 0 0 0 0 0 -1.10478 6.82392 -1.39654 
            0 0 0 0 0 0 0 0 0.756767 -2.88343   ...  -2.46164 0 0 0 0 0 0 0 -1.39654 6.94398 

b(psi_3) = 
 0 1.67875 1.21211 0.761003 0.421941 0.294567 0.421915 0.760941 1.21193 1.67692  ...  1.08676 1.43865 0.856278 0.281 -0.150287 -0.29693 -0.106841 0.34616 0.918676 1.48279
A(psi_4) = 
            1 0 0 0 0 0 0 0 0 0   ...  0 0 0 0 0 0 0 0 0 0 
            -0.969603 5.81973 -0.809942 0 0 0 0 0 0 0   ...  0 -1.2687 -0.758221 0 0 0 0 0 0 0 
            0 -0.809942 5.93232 -0.680103 0 0 0 0 0 0   ...  0 0 -1.63464 -0.594194 0 0 0 0 0 0 
            0 0 -0.680103 6.05076 -0.58585 0 0 0 0 0   ...  0 0 0 -2.01847 -0.381651 0 0 0 0 0 
            0 0 0 -0.58585 6.14095 -0.536024 0 0 0 0   ...  0 0 0 0 -2.38297 -0.131626 0 0 0 0 
            0 0 0 0 -0.536024 6.17472 -0.536024 0 0 0   ...  0 0 0 0 0 -2.68418 0.132846 0 0 0 
            0 0 0 0 0 -0.536024 6.14084 -0.585846 0 0   ...  0 0 0 0 0 0 -2.8876 0.383182 0 0 
            0 0 0 0 0 0 -0.585846 6.05053 -0.680112 0   ...  0 0 0 0 0 0 0 -2.98024 0.59568 0 
            0 0 0 0 0 0 0 -0.680112 5.93197 -0.809937   ...  0 0 0 0 0 0 0 0 -2.9723 0.759021 
            0 0 0 0 0 0 0 0 -0.809937 5.81868   ...  0 0 0 0 0 0 0 0 0 -2.8894 
              .
              .
              .
            0 0 0 0 0 0 0 0 0 0   ...  6.12439 0 0 0 0 0 0 0 0.626645 -2.46602 
            -0.876076 -1.2687 0 0 0 0 0 0 0 0   ...  0 4.03376 -0.0265096 0 0 0 0 0 0 0 
            0 -0.758221 -1.63464 0 0 0 0 0 0 0   ...  0 -0.0265096 4.40923 -0.0215308 0 0 0 0 0 0 
            0 0 -0.594194 -2.01847 0 0 0 0 0 0   ...  0 0 -0.0215308 4.88542 -0.101711 0 0 0 0 0 
            0 0 0 -0.381651 -2.38297 0 0 0 0 0   ...  0 0 0 -0.101711 5.41112 -0.271314 0 0 0 0 
            0 0 0 0 -0.131626 -2.68418 0 0 0 0   ...  0 0 0 0 -0.271314 5.9162 -0.515565 0 0 0 
            0 0 0 0 0 0.132846 -2.8876 0 0 0   ...  0 0 0 0 0 -0.515565 6.33712 -0.804689 0 0 
            0 0 0 0 0 0 0.383182 -2.98024 0 0   ...  0 0 0 0 0 0 -0.804689 6.64205 -1.10682 0 
            0 0 0 0 0 0 0 0.59568 -2.9723 0   ...  0.626645 0 0 0 0 0 0 -1.10682 6.83748 -1.39917 
            0 0 0 0 0 0 0 0 0.759021 -2.8894   ...  -2.46602 0 0 0 0 0 0 0 -1.39917 6.95526 

b(psi_4) = 
 0 1.67925 1.21153 0.758252 0.416505 0.287863 0.416468 0.75816 1.21126 1.67702  ...  1.08897 1.44088 0.856694 0.278134 -0.156636 -0.304463 -0.11229 0.344192 0.919149 1.4838
A(psi_5) = 
            1 0 0 0 0 0 0 0 0 0   ...  0 0 0 0 0 0 0 0 0 0 
            -0.970899 5.82848 -0.80989 0 0 0 0 0 0 0   ...  0 -1.27011 -0.760873 0 0 0 0 0 0 0 
            0 -0.80989 5.9429 -0.679922 0 0 0 0 0 0   ...  0 0 -1.63776 -0.596393 0 0 0 0 0 0 
            0 0 -0.679922 6.06309 -0.58564 0 0 0 0 0   ...  0 0 0 -2.02329 -0.383035 0 0 0 0 0 
            0 0 0 -0.58564 6.15425 -0.535785 0 0 0 0   ...  0 0 0 0 -2.38941 -0.13197 0 0 0 0 
            0 0 0 0 -0.535785 6.18831 -0.535785 0 0 0   ...  0 0 0 0 0 -2.69193 0.133566 0 0 0 
            0 0 0 0 0 -0.535785 6.15411 -0.585636 0 0   ...  0 0 0 0 0 0 -2.89615 0.384781 0 0 
            0 0 0 0 0 0 -0.585636 6.06278 -0.679934 0   ...  0 0 0 0 0 0 0 -2.98883 0.597798 0 
            0 0 0 0 0 0 0 -0.679934 5.94244 -0.809883   ...  0 0 0 0 0 0 0 0 -2.97999 0.761275 
            0 0 0 0 0 0 0 0 -0.809883 5.82708   ...  0 0 0 0 0 0 0 0 0 -2.89535 
              .
              .
              .
            0 0 0 0 0 0 0 0 0 0   ...  6.13271 0 0 0 0 0 0 0 0.629053 -2.47043 
            -0.879058 -1.27011 0 0 0 0 0 0 0 0   ...  0 4.03654 -0.0243543 0 0 0 0 0 0 0 
            0 -0.760873 -1.63776 0 0 0 0 0 0 0   ...  0 -0.0243543 4.41363 -0.0190525 0 0 0 0 0 0 
            0 0 -0.596393 -2.02329 0 0 0 0 0 0   ...  0 0 -0.0190525 4.89224 -0.0994642 0 0 0 0 0 
            0 0 0 -0.383035 -2.38941 0 0 0 0 0   ...  0 0 0 -0.0994642 5.4207 -0.269927 0 0 0 0 
            0 0 0 0 -0.13197 -2.69193 0 0 0 0   ...  0 0 0 0 -0.269927 5.92837 -0.515436 0 0 0 
            0 0 0 0 0 0.133566 -2.89615 0 0 0   ...  0 0 0 0 0 -0.515436 6.35112 -0.805808 0 0 
            0 0 0 0 0 0 0.384781 -2.98883 0 0   ...  0 0 0 0 0 0 -0.805808 6.65659 -1.10888 0 
            0 0 0 0 0 0 0 0.597798 -2.97999 0   ...  0.629053 0 0 0 0 0 0 -1.10888 6.85109 -1.40183 
            0 0 0 0 0 0 0 0 0.761275 -2.89535   ...  -2.47043 0 0 0 0 0 0 0 -1.40183 6.96658 

b(psi_5) = 
 0 1.67947 1.21098 0.755521 0.411072 0.281151 0.411024 0.755397 1.21062 1.67699  ...  1.09124 1.44272 0.85711 0.275251 -0.163042 -0.312068 -0.117782 0.342228 0.919635 1.48474
A(psi_6) = 
            1 0 0 0 0 0 0 0 0 0   ...  0 0 0 0 0 0 0 0 0 0 
            -0.972149 5.83721 -0.809839 0 0 0 0 0 0 0   ...  0 -1.2715 -0.763536 0 0 0 0 0 0 0 
            0 -0.809839 5.95348 -0.679749 0 0 0 0 0 0   ...  0 0 -1.64086 -0.598602 0 0 0 0 0 0 
            0 0 -0.679749 6.07543 -0.58544 0 0 0 0 0   ...  0 0 0 -2.02809 -0.384424 0 0 0 0 0 
            0 0 0 -0.58544 6.16758 -0.535558 0 0 0 0   ...  0 0 0 0 -2.39584 -0.132314 0 0 0 0 
            0 0 0 0 -0.535558 6.20193 -0.535557 0 0 0   ...  0 0 0 0 0 -2.6997 0.134292 0 0 0 
            0 0 0 0 0 -0.535557 6.16741 -0.585435 0 0   ...  0 0 0 0 0 0 -2.90472 0.386388 0 0 
            0 0 0 0 0 0 -0.585435 6.07505 -0.679764 0   ...  0 0 0 0 0 0 0 -2.99743 0.599921 0 
            0 0 0 0 0 0 0 -0.679764 5.95291 -0.809836   ...  0 0 0 0 0 0 0 0 -2.98767 0.763531 
            0 0 0 0 0 0 0 0 -0.809836 5.83547   ...  0 0 0 0 0 0 0 0 0 -2.9013 
              .
              .
              .
            0 0 0 0 0 0 0 0 0 0   ...  6.14109 0 0 0 0 0 0 0 0.631479 -2.47486 
            -0.882005 -1.2715 0 0 0 0 0 0 0 0   ...  0 4.03934 -0.0221997 0 0 0 0 0 0 0 
            0 -0.763536 -1.64086 0 0 0 0 0 0 0   ...  0 -0.0221997 4.41803 -0.0165719 0 0 0 0 0 0 
            0 0 -0.598602 -2.02809 0 0 0 0 0 0   ...  0 0 -0.0165719 4.89906 -0.0972143 0 0 0 0 0 
            0 0 0 -0.384424 -2.39584 0 0 0 0 0   ...  0 0 0 -0.0972143 5.43031 -0.268543 0 0 0 0 
            0 0 0 0 -0.132314 -2.6997 0 0 0 0   ...  0 0 0 0 -0.268543 5.9406 -0.515321 0 0 0 
            0 0 0 0 0 0.134292 -2.90472 0 0 0   ...  0 0 0 0 0 -0.515321 6.36518 -0.806949 0 0 
            0 0 0 0 0 0 0.386388 -2.99743 0 0   ...  0 0 0 0 0 0 -0.806949 6.67118 -1.11097 0 
            0 0 0 0 0 0 0 0.599921 -2.98767 0   ...  0.631479 0 0 0 0 0 0 -1.11097 6.86473 -1.40451 
            0 0 0 0 0 0 0 0 0.763531 -2.9013   ...  -2.47486 0 0 0 0 0 0 0 -1.40451 6.97794 

b(psi_6) = 
 0 1.67956 1.21045 0.752811 0.405644 0.274432 0.405583 0.752658 1.21 1.67689  ...  1.09357 1.44428 0.857519 0.272352 -0.169507 -0.319744 -0.123312 0.340262 0.92013 1.48562
A(psi_7) = 
            1 0 0 0 0 0 0 0 0 0   ...  0 0 0 0 0 0 0 0 0 0 
            -0.973375 5.84593 -0.809791 0 0 0 0 0 0 0   ...  0 -1.27288 -0.766207 0 0 0 0 0 0 0 
            0 -0.809791 5.96405 -0.679582 0 0 0 0 0 0   ...  0 0 -1.64395 -0.600818 0 0 0 0 0 0 
            0 0 -0.679582 6.08779 -0.585249 0 0 0 0 0   ...  0 0 0 -2.03289 -0.385819 0 0 0 0 0 
            0 0 0 -0.585249 6.18094 -0.535341 0 0 0 0   ...  0 0 0 0 -2.40229 -0.132657 0 0 0 0 
            0 0 0 0 -0.535341 6.2156 -0.53534 0 0 0   ...  0 0 0 0 0 -2.70748 0.135023 0 0 0 
            0 0 0 0 0 -0.53534 6.18073 -0.585243 0 0   ...  0 0 0 0 0 0 -2.9133 0.388003 0 0 
            0 0 0 0 0 0 -0.585243 6.08733 -0.6796 0   ...  0 0 0 0 0 0 0 -3.00604 0.602049 0 
            0 0 0 0 0 0 0 -0.6796 5.96338 -0.809792   ...  0 0 0 0 0 0 0 0 -2.99535 0.765785 
            0 0 0 0 0 0 0 0 -0.809792 5.84385   ...  0 0 0 0 0 0 0 0 0 -2.90723 
              .
              .
              .
            0 0 0 0 0 0 0 0 0 0   ...  6.14952 0 0 0 0 0 0 0 0.633925 -2.4793 
            -0.884933 -1.27288 0 0 0 0 0 0 0 0   ...  0 4.04213 -0.0200475 0 0 0 0 0 0 0 
            0 -0.766207 -1.64395 0 0 0 0 0 0 0   ...  0 -0.0200475 4.42242 -0.0140887 0 0 0 0 0 0 
            0 0 -0.600818 -2.03289 0 0 0 0 0 0   ...  0 0 -0.0140887 4.90589 -0.0949616 0 0 0 0 0 
            0 0 0 -0.385819 -2.40229 0 0 0 0 0   ...  0 0 0 -0.0949616 5.43995 -0.267163 0 0 0 0 
            0 0 0 0 -0.132657 -2.70748 0 0 0 0   ...  0 0 0 0 -0.267163 5.95288 -0.51522 0 0 0 
            0 0 0 0 0 0.135023 -2.9133 0 0 0   ...  0 0 0 0 0 -0.51522 6.3793 -0.808111 0 0 
            0 0 0 0 0 0 0.388003 -3.00604 0 0   ...  0 0 0 0 0 0 -0.808111 6.68583 -1.11308 0 
            0 0 0 0 0 0 0 0.602049 -2.99535 0   ...  0.633925 0 0 0 0 0 0 -1.11308 6.87842 -1.40722 
            0 0 0 0 0 0 0 0 0.765785 -2.90723   ...  -2.4793 0 0 0 0 0 0 0 -1.40722 6.98933 

b(psi_7) = 
 0 1.67961 1.20995 0.750128 0.400228 0.267713 0.400153 0.749941 1.20942 1.67677  ...  1.09595 1.44568 0.857931 0.269452 -0.176016 -0.327477 -0.128869 0.338314 0.920644 1.48644
A(psi_8) = 
            1 0 0 0 0 0 0 0 0 0   ...  0 0 0 0 0 0 0 0 0 0 
            -0.974593 5.85464 -0.809746 0 0 0 0 0 0 0   ...  0 -1.27425 -0.768887 0 0 0 0 0 0 0 
            0 -0.809746 5.97462 -0.679423 0 0 0 0 0 0   ...  0 0 -1.64703 -0.603044 0 0 0 0 0 0 
            0 0 -0.679423 6.10016 -0.585068 0 0 0 0 0   ...  0 0 0 -2.03767 -0.38722 0 0 0 0 0 
            0 0 0 -0.585068 6.19434 -0.535136 0 0 0 0   ...  0 0 0 0 -2.40873 -0.133001 0 0 0 0 
            0 0 0 0 -0.535136 6.22931 -0.535134 0 0 0   ...  0 0 0 0 0 -2.71528 0.13576 0 0 0 
            0 0 0 0 0 -0.535134 6.1941 -0.585061 0 0   ...  0 0 0 0 0 0 -2.92189 0.389626 0 0 
            0 0 0 0 0 0 -0.585061 6.09962 -0.679444 0   ...  0 0 0 0 0 0 0 -3.01466 0.604184 0 
            0 0 0 0 0 0 0 -0.679444 5.97386 -0.809756   ...  0 0 0 0 0 0 0 0 -3.00303 0.768043 
            0 0 0 0 0 0 0 0 -0.809756 5.85223   ...  0 0 0 0 0 0 0 0 0 -2.91315 
              .
              .
              .
            0 0 0 0 0 0 0 0 0 0   ...  6.158 0 0 0 0 0 0 0 0.636386 -2.48376 
            -0.887855 -1.27425 0 0 0 0 0 0 0 0   ...  0 4.04493 -0.0178967 0 0 0 0 0 0 0 
            0 -0.768887 -1.64703 0 0 0 0 0 0 0   ...  0 -0.0178967 4.42681 -0.0116027 0 0 0 0 0 0 
            0 0 -0.603044 -2.03767 0 0 0 0 0 0   ...  0 0 -0.0116027 4.91272 -0.0927053 0 0 0 0 0 
            0 0 0 -0.38722 -2.40873 0 0 0 0 0   ...  0 0 0 -0.0927053 5.44962 -0.265785 0 0 0 0 
            0 0 0 0 -0.133001 -2.71528 0 0 0 0   ...  0 0 0 0 -0.265785 5.96522 -0.515134 0 0 0 
            0 0 0 0 0 0.13576 -2.92189 0 0 0   ...  0 0 0 0 0 -0.515134 6.39349 -0.809297 0 0 
            0 0 0 0 0 0 0.389626 -3.01466 0 0   ...  0 0 0 0 0 0 -0.809297 6.70054 -1.11521 0 
            0 0 0 0 0 0 0 0.604184 -3.00303 0   ...  0.636386 0 0 0 0 0 0 -1.11521 6.89214 -1.40995 
            0 0 0 0 0 0 0 0 0.768043 -2.91315   ...  -2.48376 0 0 0 0 0 0 0 -1.40995 7.00077 

b(psi_8) = 
 0 1.67963 1.20949 0.747468 0.394817 0.260994 0.394732 0.747249 1.20887 1.67665  ...  1.09836 1.44697 0.858348 0.266552 -0.182566 -0.335269 -0.134453 0.336378 0.921173 1.48722
A(psi_9) = 
            1 0 0 0 0 0 0 0 0 0   ...  0 0 0 0 0 0 0 0 0 0 
            -0.975822 5.86334 -0.809707 0 0 0 0 0 0 0   ...  0 -1.27559 -0.771577 0 0 0 0 0 0 0 
            0 -0.809707 5.9852 -0.679271 0 0 0 0 0 0   ...  0 0 -1.65008 -0.605278 0 0 0 0 0 0 
            0 0 -0.679271 6.11255 -0.584896 0 0 0 0 0   ...  0 0 0 -2.04245 -0.388627 0 0 0 0 0 
            0 0 0 -0.584896 6.20778 -0.534942 0 0 0 0   ...  0 0 0 0 -2.41519 -0.133345 0 0 0 0 
            0 0 0 0 -0.534942 6.24307 -0.53494 0 0 0   ...  0 0 0 0 0 -2.72309 0.136503 0 0 0 
            0 0 0 0 0 -0.53494 6.2075 -0.584888 0 0   ...  0 0 0 0 0 0 -2.93051 0.391256 0 0 
            0 0 0 0 0 0 -0.584888 6.11194 -0.679298 0   ...  0 0 0 0 0 0 0 -3.02328 0.606325 0 
            0 0 0 0 0 0 0 -0.679298 5.98434 -0.809725   ...  0 0 0 0 0 0 0 0 -3.01072 0.770304 
            0 0 0 0 0 0 0 0 -0.809725 5.8606   ...  0 0 0 0 0 0 0 0 0 -2.91906 
              .
              .
              .
            0 0 0 0 0 0 0 0 0 0   ...  6.16653 0 0 0 0 0 0 0 0.638864 -2.48824 
            -0.890773 -1.27559 0 0 0 0 0 0 0 0   ...  0 4.04773 -0.0157479 0 0 0 0 0 0 0 
            0 -0.771577 -1.65008 0 0 0 0 0 0 0   ...  0 -0.0157479 4.4312 -0.00911413 0 0 0 0 0 0 
            0 0 -0.605278 -2.04245 0 0 0 0 0 0   ...  0 0 -0.00911413 4.91956 -0.090445 0 0 0 0 0 
            0 0 0 -0.388627 -2.41519 0 0 0 0 0   ...  0 0 0 -0.090445 5.45933 -0.264411 0 0 0 0 
            0 0 0 0 -0.133345 -2.72309 0 0 0 0   ...  0 0 0 0 -0.264411 5.97762 -0.515063 0 0 0 
            0 0 0 0 0 0.136503 -2.93051 0 0 0   ...  0 0 0 0 0 -0.515063 6.40775 -0.810506 0 0 
            0 0 0 0 0 0 0.391256 -3.02328 0 0   ...  0 0 0 0 0 0 -0.810506 6.7153 -1.11737 0 
            0 0 0 0 0 0 0 0.606325 -3.01072 0   ...  0.638864 0 0 0 0 0 0 -1.11737 6.90592 -1.41271 
            0 0 0 0 0 0 0 0 0.770304 -2.91906   ...  -2.48824 0 0 0 0 0 0 0 -1.41271 7.01223 

b(psi_9) = 
 0 1.67967 1.20904 0.74483 0.389416 0.254273 0.389317 0.744581 1.20834 1.67654  ...  1.10081 1.4482 0.858772 0.263648 -0.189159 -0.343117 -0.14006 0.334454 0.921717 1.48797
A(psi_10) = 
             1 0 0 0 0 0 0 0 0 0   ...  0 0 0 0 0 0 0 0 0 0 
             -0.977061 5.87203 -0.809672 0 0 0 0 0 0 0   ...  0 -1.27691 -0.774275 0 0 0 0 0 0 0 
             0 -0.809672 5.99579 -0.679126 0 0 0 0 0 0   ...  0 0 -1.65313 -0.607522 0 0 0 0 0 0 
             0 0 -0.679126 6.12495 -0.584734 0 0 0 0 0   ...  0 0 0 -2.04722 -0.390039 0 0 0 0 0 
             0 0 0 -0.584734 6.22125 -0.534758 0 0 0 0   ...  0 0 0 0 -2.42165 -0.133689 0 0 0 0 
             0 0 0 0 -0.534758 6.25688 -0.534756 0 0 0   ...  0 0 0 0 0 -2.73093 0.137252 0 0 0 
             0 0 0 0 0 -0.534756 6.22094 -0.584725 0 0   ...  0 0 0 0 0 0 -2.93914 0.392896 0 0 
             0 0 0 0 0 0 -0.584725 6.12427 -0.679159 0   ...  0 0 0 0 0 0 0 -3.03192 0.608472 0 
             0 0 0 0 0 0 0 -0.679159 5.99483 -0.8097   ...  0 0 0 0 0 0 0 0 -3.0184 0.772567 
             0 0 0 0 0 0 0 0 -0.8097 5.86897   ...  0 0 0 0 0 0 0 0 0 -2.92497 
               .
               .
               .
             0 0 0 0 0 0 0 0 0 0   ...  6.17511 0 0 0 0 0 0 0 0.641358 -2.49273 
             -0.893694 -1.27691 0 0 0 0 0 0 0 0   ...  0 4.05052 -0.0136017 0 0 0 0 0 0 0 
             0 -0.774275 -1.65313 0 0 0 0 0 0 0   ...  0 -0.0136017 4.43559 -0.00662236 0 0 0 0 0 0 
             0 0 -0.607522 -2.04722 0 0 0 0 0 0   ...  0 0 -0.00662236 4.9264 -0.0881808 0 0 0 0 0 
             0 0 0 -0.390039 -2.42165 0 0 0 0 0   ...  0 0 0 -0.0881808 5.46907 -0.26304 0 0 0 0 
             0 0 0 0 -0.133689 -2.73093 0 0 0 0   ...  0 0 0 0 -0.26304 5.99008 -0.515007 0 0 0 
             0 0 0 0 0 0.137252 -2.93914 0 0 0   ...  0 0 0 0 0 -0.515007 6.42208 -0.811738 0 0 
             0 0 0 0 0 0 0.392896 -3.03192 0 0   ...  0 0 0 0 0 0 -0.811738 6.73012 -1.11955 0 
             0 0 0 0 0 0 0 0.608472 -3.0184 0   ...  0.641358 0 0 0 0 0 0 -1.11955 6.91973 -1.41549 
             0 0 0 0 0 0 0 0 0.772567 -2.92497   ...  -2.49273 0 0 0 0 0 0 0 -1.41549 7.02372 

b(psi_10) = 
 0 1.67973 1.20863 0.742219 0.384025 0.247555 0.383912 0.741939 1.20785 1.67645  ...  1.10329 1.44941 0.859208 0.260754 -0.195785 -0.351018 -0.145686 0.332552 0.922282 1.48871
A(psi_11) = 
             1 0 0 0 0 0 0 0 0 0   ...  0 0 0 0 0 0 0 0 0 0 
             -0.978306 5.88072 -0.809643 0 0 0 0 0 0 0   ...  0 -1.2782 -0.77698 0 0 0 0 0 0 0 
             0 -0.809643 6.00638 -0.678988 0 0 0 0 0 0   ...  0 0 -1.65616 -0.609775 0 0 0 0 0 0 
             0 0 -0.678988 6.13738 -0.58458 0 0 0 0 0   ...  0 0 0 -2.05199 -0.391458 0 0 0 0 0 
             0 0 0 -0.58458 6.23477 -0.534587 0 0 0 0   ...  0 0 0 0 -2.42812 -0.134033 0 0 0 0 
             0 0 0 0 -0.534587 6.27074 -0.534584 0 0 0   ...  0 0 0 0 0 -2.73878 0.138007 0 0 0 
             0 0 0 0 0 -0.534584 6.23442 -0.584571 0 0   ...  0 0 0 0 0 0 -2.9478 0.394543 0 0 
             0 0 0 0 0 0 -0.584571 6.13663 -0.679028 0   ...  0 0 0 0 0 0 0 -3.04057 0.610626 0 
             0 0 0 0 0 0 0 -0.679028 6.00533 -0.809682   ...  0 0 0 0 0 0 0 0 -3.02608 0.774834 
             0 0 0 0 0 0 0 0 -0.809682 5.87734   ...  0 0 0 0 0 0 0 0 0 -2.93086 
               .
               .
               .
             0 0 0 0 0 0 0 0 0 0   ...  6.18374 0 0 0 0 0 0 0 0.643868 -2.49723 
             -0.896618 -1.2782 0 0 0 0 0 0 0 0   ...  0 4.05331 -0.0114581 0 0 0 0 0 0 0 
             0 -0.77698 -1.65616 0 0 0 0 0 0 0   ...  0 -0.0114581 4.43998 -0.00412759 0 0 0 0 0 0 
             0 0 -0.609775 -2.05199 0 0 0 0 0 0   ...  0 0 -0.00412759 4.93325 -0.0859124 0 0 0 0 0 
             0 0 0 -0.391458 -2.42812 0 0 0 0 0   ...  0 0 0 -0.0859124 5.47884 -0.261671 0 0 0 0 
             0 0 0 0 -0.134033 -2.73878 0 0 0 0   ...  0 0 0 0 -0.261671 6.00261 -0.514966 0 0 0 
             0 0 0 0 0 0.138007 -2.9478 0 0 0   ...  0 0 0 0 0 -0.514966 6.43649 -0.812994 0 0 
             0 0 0 0 0 0 0.394543 -3.04057 0 0   ...  0 0 0 0 0 0 -0.812994 6.745 -1.12175 0 
             0 0 0 0 0 0 0 0.610626 -3.02608 0   ...  0.643868 0 0 0 0 0 0 -1.12175 6.9336 -1.4183 
             0 0 0 0 0 0 0 0 0.774834 -2.93086   ...  -2.49723 0 0 0 0 0 0 0 -1.4183 7.03524 

b(psi_11) = 
 0 1.67981 1.20825 0.739632 0.37864 0.240835 0.378517 0.73932 1.20738 1.67639  ...  1.1058 1.4506 0.859658 0.257863 -0.20245 -0.358969 -0.151329 0.330668 0.922866 1.48944
A(psi_12) = 
             1 0 0 0 0 0 0 0 0 0   ...  0 0 0 0 0 0 0 0 0 0 
             -0.979573 5.8894 -0.809622 0 0 0 0 0 0 0   ...  0 -1.27948 -0.779695 0 0 0 0 0 0 0 
             0 -0.809622 6.01698 -0.678858 0 0 0 0 0 0   ...  0 0 -1.65918 -0.612038 0 0 0 0 0 0 
             0 0 -0.678858 6.14983 -0.584437 0 0 0 0 0   ...  0 0 0 -2.05674 -0.392884 0 0 0 0 0 
             0 0 0 -0.584437 6.24833 -0.534426 0 0 0 0   ...  0 0 0 0 -2.4346 -0.134378 0 0 0 0 
             0 0 0 0 -0.534426 6.28466 -0.534423 0 0 0   ...  0 0 0 0 0 -2.74666 0.138768 0 0 0 
             0 0 0 0 0 -0.534423 6.24795 -0.584426 0 0   ...  0 0 0 0 0 0 -2.95648 0.396201 0 0 
             0 0 0 0 0 0 -0.584426 6.14901 -0.678904 0   ...  0 0 0 0 0 0 0 -3.04923 0.612787 0 
             0 0 0 0 0 0 0 -0.678904 6.01584 -0.809673   ...  0 0 0 0 0 0 0 0 -3.03376 0.777106 
             0 0 0 0 0 0 0 0 -0.809673 5.8857   ...  0 0 0 0 0 0 0 0 0 -2.93676 
               .
               .
               .
             0 0 0 0 0 0 0 0 0 0   ...  6.19242 0 0 0 0 0 0 0 0.646392 -2.50174 
             -0.899551 -1.27948 0 0 0 0 0 0 0 0   ...  0 4.0561 -0.00931613 0 0 0 0 0 0 0 
             0 -0.779695 -1.65918 0 0 0 0 0 0 0   ...  0 -0.00931613 4.44436 -0.00162978 0 0 0 0 0 0 
             0 0 -0.612038 -2.05674 0 0 0 0 0 0   ...  0 0 -0.00162978 4.94011 -0.0836393 0 0 0 0 0 
             0 0 0 -0.392884 -2.4346 0 0 0 0 0   ...  0 0 0 -0.0836393 5.48865 -0.260304 0 0 0 0 
             0 0 0 0 -0.134378 -2.74666 0 0 0 0   ...  0 0 0 0 -0.260304 6.01521 -0.514939 0 0 0 
             0 0 0 0 0 0.138768 -2.95648 0 0 0   ...  0 0 0 0 0 -0.514939 6.45096 -0.814272 0 0 
             0 0 0 0 0 0 0.396201 -3.04923 0 0   ...  0 0 0 0 0 0 -0.814272 6.75995 -1.12399 0 
             0 0 0 0 0 0 0 0.612787 -3.03376 0   ...  0.646392 0 0 0 0 0 0 -1.12399 6.9475 -1.42112 
             0 0 0 0 0 0 0 0 0.777106 -2.93676   ...  -2.50174 0 0 0 0 0 0 0 -1.42112 7.04679 

b(psi_12) = 
 0 1.67994 1.20791 0.737084 0.373277 0.234126 0.373142 0.736742 1.20696 1.67637  ...  1.10836 1.45182 0.86014 0.254994 -0.209134 -0.366954 -0.156973 0.32882 0.923483 1.49019
A(psi_13) = 
             1 0 0 0 0 0 0 0 0 0   ...  0 0 0 0 0 0 0 0 0 0 
             -0.980852 5.89807 -0.809616 0 0 0 0 0 0 0   ...  0 -1.28072 -0.782412 0 0 0 0 0 0 0 
             0 -0.809616 6.02758 -0.678735 0 0 0 0 0 0   ...  0 0 -1.66217 -0.614308 0 0 0 0 0 0 
             0 0 -0.678735 6.1623 -0.584303 0 0 0 0 0   ...  0 0 0 -2.06149 -0.394315 0 0 0 0 0 
             0 0 0 -0.584303 6.26194 -0.534276 0 0 0 0   ...  0 0 0 0 -2.44109 -0.134723 0 0 0 0 
             0 0 0 0 -0.534276 6.29863 -0.534272 0 0 0   ...  0 0 0 0 0 -2.75457 0.139536 0 0 0 
             0 0 0 0 0 -0.534272 6.26152 -0.584292 0 0   ...  0 0 0 0 0 0 -2.96519 0.397868 0 0 
             0 0 0 0 0 0 -0.584292 6.16142 -0.678787 0   ...  0 0 0 0 0 0 0 -3.05791 0.614957 0 
             0 0 0 0 0 0 0 -0.678787 6.02636 -0.80967   ...  0 0 0 0 0 0 0 0 -3.04146 0.779382 
             0 0 0 0 0 0 0 0 -0.80967 5.89407   ...  0 0 0 0 0 0 0 0 0 -2.94264 
               .
               .
               .
             0 0 0 0 0 0 0 0 0 0   ...  6.20115 0 0 0 0 0 0 0 0.648934 -2.50626 
             -0.902489 -1.28072 0 0 0 0 0 0 0 0   ...  0 4.05887 -0.0071816 0 0 0 0 0 0 0 
             0 -0.782412 -1.66217 0 0 0 0 0 0 0   ...  0 -0.0071816 4.44872 0.00086911 0 0 0 0 0 0 
             0 0 -0.614308 -2.06149 0 0 0 0 0 0   ...  0 0 0.00086911 4.94697 -0.0813622 0 0 0 0 0 
             0 0 0 -0.394315 -2.44109 0 0 0 0 0   ...  0 0 0 -0.0813622 5.4985 -0.25894 0 0 0 0 
             0 0 0 0 -0.134723 -2.75457 0 0 0 0   ...  0 0 0 0 -0.25894 6.02788 -0.514928 0 0 0 
             0 0 0 0 0 0.139536 -2.96519 0 0 0   ...  0 0 0 0 0 -0.514928 6.46553 -0.815575 0 0 
             0 0 0 0 0 0 0.397868 -3.05791 0 0   ...  0 0 0 0 0 0 -0.815575 6.77496 -1.12625 0 
             0 0 0 0 0 0 0 0.614957 -3.04146 0   ...  0.648934 0 0 0 0 0 0 -1.12625 6.96147 -1.42397 
             0 0 0 0 0 0 0 0 0.779382 -2.94264   ...  -2.50626 0 0 0 0 0 0 0 -1.42397 7.05836 

b(psi_13) = 
 0 1.68007 1.20758 0.734552 0.36792 0.227421 0.367779 0.734186 1.20656 1.67638  ...  1.11095 1.45302 0.860623 0.252124 -0.215855 -0.374985 -0.162628 0.326994 0.924121 1.49095
A(psi_14) = 
             1 0 0 0 0 0 0 0 0 0   ...  0 0 0 0 0 0 0 0 0 0 
             -0.982156 5.90675 -0.809607 0 0 0 0 0 0 0   ...  0 -1.28195 -0.785146 0 0 0 0 0 0 0 
             0 -0.809607 6.0382 -0.67862 0 0 0 0 0 0   ...  0 0 -1.66516 -0.616591 0 0 0 0 0 0 
             0 0 -0.67862 6.1748 -0.584178 0 0 0 0 0   ...  0 0 0 -2.06623 -0.395755 0 0 0 0 0 
             0 0 0 -0.584178 6.27559 -0.534138 0 0 0 0   ...  0 0 0 0 -2.44759 -0.135069 0 0 0 0 
             0 0 0 0 -0.534138 6.31267 -0.534134 0 0 0   ...  0 0 0 0 0 -2.7625 0.140311 0 0 0 
             0 0 0 0 0 -0.534134 6.27514 -0.584166 0 0   ...  0 0 0 0 0 0 -2.97392 0.399544 0 0 
             0 0 0 0 0 0 -0.584166 6.17385 -0.678679 0   ...  0 0 0 0 0 0 0 -3.0666 0.617133 0 
             0 0 0 0 0 0 0 -0.678679 6.03689 -0.809676   ...  0 0 0 0 0 0 0 0 -3.04915 0.781664 
             0 0 0 0 0 0 0 0 -0.809676 5.90243   ...  0 0 0 0 0 0 0 0 0 -2.94851 
               .
               .
               .
             0 0 0 0 0 0 0 0 0 0   ...  6.20992 0 0 0 0 0 0 0 0.651489 -2.51079 
             -0.90544 -1.28195 0 0 0 0 0 0 0 0   ...  0 4.06165 -0.00504365 0 0 0 0 0 0 0 
             0 -0.785146 -1.66516 0 0 0 0 0 0 0   ...  0 -0.00504365 4.4531 0.00337406 0 0 0 0 0 0 
             0 0 -0.616591 -2.06623 0 0 0 0 0 0   ...  0 0 0.00337406 4.95384 -0.0790794 0 0 0 0 0 
             0 0 0 -0.395755 -2.44759 0 0 0 0 0   ...  0 0 0 -0.0790794 5.50839 -0.257578 0 0 0 0 
             0 0 0 0 -0.135069 -2.7625 0 0 0 0   ...  0 0 0 0 -0.257578 6.04061 -0.514932 0 0 0 
             0 0 0 0 0 0.140311 -2.97392 0 0 0   ...  0 0 0 0 0 -0.514932 6.48016 -0.816902 0 0 
             0 0 0 0 0 0 0.399544 -3.0666 0 0   ...  0 0 0 0 0 0 -0.816902 6.79003 -1.12853 0 
             0 0 0 0 0 0 0 0.617133 -3.04915 0   ...  0.651489 0 0 0 0 0 0 -1.12853 6.97547 -1.42685 
             0 0 0 0 0 0 0 0 0.781664 -2.94851   ...  -2.51079 0 0 0 0 0 0 0 -1.42685 7.06994 

b(psi_14) = 
 0 1.68027 1.2073 0.732066 0.362592 0.220732 0.362435 0.731669 1.20621 1.67643  ...  1.11358 1.45428 0.861159 0.249287 -0.222594 -0.383056 -0.168288 0.325206 0.924796 1.49174
A(psi_15) = 
             1 0 0 0 0 0 0 0 0 0   ...  0 0 0 0 0 0 0 0 0 0 
             -0.983478 5.91544 -0.809608 0 0 0 0 0 0 0   ...  0 -1.28317 -0.787887 0 0 0 0 0 0 0 
             0 -0.809608 6.04883 -0.678513 0 0 0 0 0 0   ...  0 0 -1.66814 -0.618885 0 0 0 0 0 0 
             0 0 -0.678513 6.18733 -0.584063 0 0 0 0 0   ...  0 0 0 -2.07097 -0.397201 0 0 0 0 0 
             0 0 0 -0.584063 6.2893 -0.534011 0 0 0 0   ...  0 0 0 0 -2.4541 -0.135415 0 0 0 0 
             0 0 0 0 -0.534011 6.32676 -0.534006 0 0 0   ...  0 0 0 0 0 -2.77045 0.141092 0 0 0 
             0 0 0 0 0 -0.534006 6.28881 -0.58405 0 0   ...  0 0 0 0 0 0 -2.98267 0.401231 0 0 
             0 0 0 0 0 0 -0.58405 6.1863 -0.67858 0   ...  0 0 0 0 0 0 0 -3.0753 0.619317 0 
             0 0 0 0 0 0 0 -0.67858 6.04743 -0.809689   ...  0 0 0 0 0 0 0 0 -3.05685 0.78395 
             0 0 0 0 0 0 0 0 -0.809689 5.9108   ...  0 0 0 0 0 0 0 0 0 -2.95438 
               .
               .
               .
             0 0 0 0 0 0 0 0 0 0   ...  6.21874 0 0 0 0 0 0 0 0.654059 -2.51532 
             -0.908403 -1.28317 0 0 0 0 0 0 0 0   ...  0 4.06444 -0.0029078 0 0 0 0 0 0 0 
             0 -0.787887 -1.66814 0 0 0 0 0 0 0   ...  0 -0.0029078 4.45747 0.00588274 0 0 0 0 0 0 
             0 0 -0.618885 -2.07097 0 0 0 0 0 0   ...  0 0 0.00588274 4.96072 -0.0767913 0 0 0 0 0 
             0 0 0 -0.397201 -2.4541 0 0 0 0 0   ...  0 0 0 -0.0767913 5.51832 -0.256218 0 0 0 0 
             0 0 0 0 -0.135415 -2.77045 0 0 0 0   ...  0 0 0 0 -0.256218 6.05342 -0.514951 0 0 0 
             0 0 0 0 0 0.141092 -2.98267 0 0 0   ...  0 0 0 0 0 -0.514951 6.49488 -0.818254 0 0 
             0 0 0 0 0 0 0.401231 -3.0753 0 0   ...  0 0 0 0 0 0 -0.818254 6.80517 -1.13084 0 
             0 0 0 0 0 0 0 0.619317 -3.05685 0   ...  0.654059 0 0 0 0 0 0 -1.13084 6.98951 -1.42974 
             0 0 0 0 0 0 0 0 0.78395 -2.95438   ...  -2.51532 0 0 0 0 0 0 0 -1.42974 7.08155 

b(psi_15) = 
 0 1.68051 1.20707 0.729622 0.357286 0.214053 0.357116 0.729189 1.2059 1.67653  ...  1.11627 1.45559 0.861734 0.246476 -0.229347 -0.391156 -0.173943 0.323457 0.925514 1.49257
A(psi_16) = 
             1 0 0 0 0 0 0 0 0 0   ...  0 0 0 0 0 0 0 0 0 0 
             -0.984821 5.9241 -0.809622 0 0 0 0 0 0 0   ...  0 -1.28434 -0.790634 0 0 0 0 0 0 0 
             0 -0.809622 6.05946 -0.678414 0 0 0 0 0 0   ...  0 0 -1.67109 -0.621187 0 0 0 0 0 0 
             0 0 -0.678414 6.19988 -0.583957 0 0 0 0 0   ...  0 0 0 -2.0757 -0.398654 0 0 0 0 0 
             0 0 0 -0.583957 6.30305 -0.533895 0 0 0 0   ...  0 0 0 0 -2.46063 -0.135761 0 0 0 0 
             0 0 0 0 -0.533895 6.34093 -0.53389 0 0 0   ...  0 0 0 0 0 -2.77844 0.141881 0 0 0 
             0 0 0 0 0 -0.53389 6.30254 -0.583944 0 0   ...  0 0 0 0 0 0 -2.99146 0.402928 0 0 
             0 0 0 0 0 0 -0.583944 6.19879 -0.678487 0   ...  0 0 0 0 0 0 0 -3.08403 0.621509 0 
             0 0 0 0 0 0 0 -0.678487 6.05799 -0.809711   ...  0 0 0 0 0 0 0 0 -3.06455 0.786242 
             0 0 0 0 0 0 0 0 -0.809711 5.91918   ...  0 0 0 0 0 0 0 0 0 -2.96024 
               .
               .
               .
             0 0 0 0 0 0 0 0 0 0   ...  6.22761 0 0 0 0 0 0 0 0.656645 -2.51987 
             -0.911371 -1.28434 0 0 0 0 0 0 0 0   ...  0 4.0672 -0.000778243 0 0 0 0 0 0 0 
             0 -0.790634 -1.67109 0 0 0 0 0 0 0   ...  0 -0.000778243 4.46183 0.0083932 0 0 0 0 0 0 
             0 0 -0.621187 -2.0757 0 0 0 0 0 0   ...  0 0 0.0083932 4.9676 -0.0744982 0 0 0 0 0 
             0 0 0 -0.398654 -2.46063 0 0 0 0 0   ...  0 0 0 -0.0744982 5.52829 -0.254859 0 0 0 0 
             0 0 0 0 -0.135761 -2.77844 0 0 0 0   ...  0 0 0 0 -0.254859 6.06632 -0.514986 0 0 0 
             0 0 0 0 0 0.141881 -2.99146 0 0 0   ...  0 0 0 0 0 -0.514986 6.50969 -0.81963 0 0 
             0 0 0 0 0 0 0.402928 -3.08403 0 0   ...  0 0 0 0 0 0 -0.81963 6.82038 -1.13317 0 
             0 0 0 0 0 0 0 0.621509 -3.06455 0   ...  0.656645 0 0 0 0 0 0 -1.13317 7.00361 -1.43266 
             0 0 0 0 0 0 0 0 0.786242 -2.96024   ...  -2.51987 0 0 0 0 0 0 0 -1.43266 7.09319 

b(psi_16) = 
 0 1.68077 1.20687 0.727201 0.351996 0.207388 0.351817 0.726746 1.20563 1.67666  ...  1.119 1.45691 0.862329 0.243682 -0.236125 -0.39929 -0.179597 0.321743 0.926265 1.49343
A(psi_17) = 
             1 0 0 0 0 0 0 0 0 0   ...  0 0 0 0 0 0 0 0 0 0 
             -0.986187 5.93279 -0.809638 0 0 0 0 0 0 0   ...  0 -1.28552 -0.793396 0 0 0 0 0 0 0 
             0 -0.809638 6.07011 -0.678321 0 0 0 0 0 0   ...  0 0 -1.67404 -0.623502 0 0 0 0 0 0 
             0 0 -0.678321 6.21246 -0.583861 0 0 0 0 0   ...  0 0 0 -2.08043 -0.400116 0 0 0 0 0 
             0 0 0 -0.583861 6.31686 -0.533791 0 0 0 0   ...  0 0 0 0 -2.46717 -0.136109 0 0 0 0 
             0 0 0 0 -0.533791 6.35516 -0.533785 0 0 0   ...  0 0 0 0 0 -2.78645 0.142676 0 0 0 
             0 0 0 0 0 -0.533785 6.31631 -0.583847 0 0   ...  0 0 0 0 0 0 -3.00027 0.404635 0 0 
             0 0 0 0 0 0 -0.583847 6.2113 -0.678404 0   ...  0 0 0 0 0 0 0 -3.09277 0.623711 0 
             0 0 0 0 0 0 0 -0.678404 6.06855 -0.809741   ...  0 0 0 0 0 0 0 0 -3.07226 0.788539 
             0 0 0 0 0 0 0 0 -0.809741 5.92755   ...  0 0 0 0 0 0 0 0 0 -2.96609 
               .
               .
               .
             0 0 0 0 0 0 0 0 0 0   ...  6.23652 0 0 0 0 0 0 0 0.659246 -2.52441 
             -0.914355 -1.28552 0 0 0 0 0 0 0 0   ...  0 4.06998 0.00135435 0 0 0 0 0 0 0 
             0 -0.793396 -1.67404 0 0 0 0 0 0 0   ...  0 0.00135435 4.4662 0.0109107 0 0 0 0 0 0 
             0 0 -0.623502 -2.08043 0 0 0 0 0 0   ...  0 0 0.0109107 4.97449 -0.0721985 0 0 0 0 0 
             0 0 0 -0.400116 -2.46717 0 0 0 0 0   ...  0 0 0 -0.0721985 5.53831 -0.253502 0 0 0 0 
             0 0 0 0 -0.136109 -2.78645 0 0 0 0   ...  0 0 0 0 -0.253502 6.07929 -0.515036 0 0 0 
             0 0 0 0 0 0.142676 -3.00027 0 0 0   ...  0 0 0 0 0 -0.515036 6.52457 -0.821032 0 0 
             0 0 0 0 0 0 0.404635 -3.09277 0 0   ...  0 0 0 0 0 0 -0.821032 6.83566 -1.13553 0 
             0 0 0 0 0 0 0 0.623711 -3.07226 0   ...  0.659246 0 0 0 0 0 0 -1.13553 7.01776 -1.4356 
             0 0 0 0 0 0 0 0 0.788539 -2.96609   ...  -2.52441 0 0 0 0 0 0 0 -1.4356 7.10484 

b(psi_17) = 
 0 1.68111 1.20673 0.724841 0.346743 0.200752 0.346552 0.724351 1.20541 1.67686  ...  1.12179 1.45832 0.862996 0.240933 -0.2429 -0.407441 -0.185237 0.320079 0.927073 1.49434
A(psi_18) = 
             1 0 0 0 0 0 0 0 0 0   ...  0 0 0 0 0 0 0 0 0 0 
             -0.987581 5.94148 -0.809661 0 0 0 0 0 0 0   ...  0 -1.28667 -0.796167 0 0 0 0 0 0 0 
             0 -0.809661 6.08078 -0.678237 0 0 0 0 0 0   ...  0 0 -1.67697 -0.625828 0 0 0 0 0 0 
             0 0 -0.678237 6.22508 -0.583773 0 0 0 0 0   ...  0 0 0 -2.08515 -0.401586 0 0 0 0 0 
             0 0 0 -0.583773 6.33074 -0.533698 0 0 0 0   ...  0 0 0 0 -2.47372 -0.136458 0 0 0 0 
             0 0 0 0 -0.533698 6.36947 -0.533692 0 0 0   ...  0 0 0 0 0 -2.7945 0.143479 0 0 0 
             0 0 0 0 0 -0.533692 6.33015 -0.583759 0 0   ...  0 0 0 0 0 0 -3.00911 0.406352 0 0 
             0 0 0 0 0 0 -0.583759 6.22385 -0.678328 0   ...  0 0 0 0 0 0 0 -3.10153 0.62592 0 
             0 0 0 0 0 0 0 -0.678328 6.07914 -0.80978   ...  0 0 0 0 0 0 0 0 -3.07997 0.790842 
             0 0 0 0 0 0 0 0 -0.80978 5.93593   ...  0 0 0 0 0 0 0 0 0 -2.97193 
               .
               .
               .
             0 0 0 0 0 0 0 0 0 0   ...  6.24547 0 0 0 0 0 0 0 0.661862 -2.52897 
             -0.917352 -1.28667 0 0 0 0 0 0 0 0   ...  0 4.07276 0.00348468 0 0 0 0 0 0 0 
             0 -0.796167 -1.67697 0 0 0 0 0 0 0   ...  0 0.00348468 4.47056 0.0134315 0 0 0 0 0 0 
             0 0 -0.625828 -2.08515 0 0 0 0 0 0   ...  0 0 0.0134315 4.9814 -0.0698925 0 0 0 0 0 
             0 0 0 -0.401586 -2.47372 0 0 0 0 0   ...  0 0 0 -0.0698925 5.54837 -0.252146 0 0 0 0 
             0 0 0 0 -0.136458 -2.7945 0 0 0 0   ...  0 0 0 0 -0.252146 6.09234 -0.515102 0 0 0 
             0 0 0 0 0 0.143479 -3.00911 0 0 0   ...  0 0 0 0 0 -0.515102 6.53955 -0.822458 0 0 
             0 0 0 0 0 0 0.406352 -3.10153 0 0   ...  0 0 0 0 0 0 -0.822458 6.851 -1.13792 0 
             0 0 0 0 0 0 0 0.62592 -3.07997 0   ...  0.661862 0 0 0 0 0 0 -1.13792 7.03196 -1.43856 
             0 0 0 0 0 0 0 0 0.790842 -2.97193   ...  -2.52897 0 0 0 0 0 0 0 -1.43856 7.11651 

b(psi_18) = 
 0 1.68149 1.20663 0.722525 0.34152 0.194138 0.341315 0.722 1.20523 1.6771  ...  1.12465 1.45978 0.863709 0.238217 -0.249683 -0.415614 -0.190861 0.318462 0.927926 1.49531
A(psi_19) = 
             1 0 0 0 0 0 0 0 0 0   ...  0 0 0 0 0 0 0 0 0 0 
             -0.988991 5.95016 -0.809693 0 0 0 0 0 0 0   ...  0 -1.28781 -0.798949 0 0 0 0 0 0 0 
             0 -0.809693 6.09146 -0.678161 0 0 0 0 0 0   ...  0 0 -1.67989 -0.628165 0 0 0 0 0 0 
             0 0 -0.678161 6.23772 -0.583695 0 0 0 0 0   ...  0 0 0 -2.08987 -0.403064 0 0 0 0 0 
             0 0 0 -0.583695 6.34466 -0.533617 0 0 0 0   ...  0 0 0 0 -2.48029 -0.136807 0 0 0 0 
             0 0 0 0 -0.533617 6.38385 -0.53361 0 0 0   ...  0 0 0 0 0 -2.80258 0.144289 0 0 0 
             0 0 0 0 0 -0.53361 6.34404 -0.58368 0 0   ...  0 0 0 0 0 0 -3.01799 0.40808 0 0 
             0 0 0 0 0 0 -0.58368 6.23642 -0.678261 0   ...  0 0 0 0 0 0 0 -3.1103 0.628138 0 
             0 0 0 0 0 0 0 -0.678261 6.08973 -0.809828   ...  0 0 0 0 0 0 0 0 -3.08769 0.793152 
             0 0 0 0 0 0 0 0 -0.809828 5.94432   ...  0 0 0 0 0 0 0 0 0 -2.97777 
               .
               .
               .
             0 0 0 0 0 0 0 0 0 0   ...  6.25446 0 0 0 0 0 0 0 0.664492 -2.53353 
             -0.92036 -1.28781 0 0 0 0 0 0 0 0   ...  0 4.07553 0.00561421 0 0 0 0 0 0 0 
             0 -0.798949 -1.67989 0 0 0 0 0 0 0   ...  0 0.00561421 4.47492 0.0159566 0 0 0 0 0 0 
             0 0 -0.628165 -2.08987 0 0 0 0 0 0   ...  0 0 0.0159566 4.98831 -0.0675796 0 0 0 0 0 
             0 0 0 -0.403064 -2.48029 0 0 0 0 0   ...  0 0 0 -0.0675796 5.55848 -0.250791 0 0 0 0 
             0 0 0 0 -0.136807 -2.80258 0 0 0 0   ...  0 0 0 0 -0.250791 6.10548 -0.515184 0 0 0 
             0 0 0 0 0 0.144289 -3.01799 0 0 0   ...  0 0 0 0 0 -0.515184 6.55462 -0.823911 0 0 
             0 0 0 0 0 0 0.40808 -3.1103 0 0   ...  0 0 0 0 0 0 -0.823911 6.86642 -1.14033 0 
             0 0 0 0 0 0 0 0.628138 -3.08769 0   ...  0.664492 0 0 0 0 0 0 -1.14033 7.0462 -1.44154 
             0 0 0 0 0 0 0 0 0.793152 -2.97777   ...  -2.53353 0 0 0 0 0 0 0 -1.44154 7.1282 

b(psi_19) = 
