psi sys matrix & rhs
A(psi_1) = 
            1 0 0 0 0 0 0 0 0 0   ...  0 0 0 0 0 0 0 0 0 0 
            -0.913319 3.66448 -0.412486 -0.985653 -0.445466 0 0 0 0 0   ...  0 0 0 0 0 0 0 0 0 0 
            -0.536349 -0.412486 3.59082 0 -0.910592 -0.472103 0 0 0 0   ...  0 0 0 0 0 0 0 0 0 0 
            0 -0.985653 0 3.70961 -0.451106 0 0 0 -0.999584 0   ...  0 0 0 0 0 0 0 0 0 0 
            0 -0.445466 -0.910592 -0.451106 3.59592 -0.456985 0 0 0 0   ...  0 0 0 0 0 0 0 0 0 0 
            0 0 -0.472103 0 -0.456985 3.6039 0 0 0 0   ...  0 0 0 0 0 0 0 0 0 0 
            0 0 0 0 0 0 3.6678 -0.527244 -0.958643 0   ...  0 0 0 0 0 0 0 0 0 0 
            0 0 0 0 0 0 -0.527244 3.57056 -0.390632 -0.524658   ...  0 0 0 0 0 0 0 0 0 0 
            0 0 0 -0.999584 0 0 -0.958643 -0.390632 3.71235 0   ...  0 0 0 0 0 0 0 0 0 0 
            0 0 0 0 0 0 0 -0.524658 0 3.59534   ...  0 0 0 0 0 0 0 0 0 0 
              .
              .
              .
            0 0 0 0 0 0 0 0 0 0   ...  3.4968 0 0 0 0 0 0 0 0 0 
            0 0 0 0 0 0 0 0 0 0   ...  0 3.53303 0 0 -0.7996 0 -0.549084 0 0 0 
            0 0 0 0 0 0 0 0 0 0   ...  0 0 3.4979 -0.424687 -0.748338 0 0 0 0 -0.635544 
            0 0 0 0 0 0 0 0 0 0   ...  0 0 -0.424687 3.51283 -0.598637 -0.403551 -0.793002 0 -0.600858 -0.692091 
            0 0 0 0 0 0 0 0 0 0   ...  0 -0.7996 -0.748338 -0.598637 3.52248 0 -0.389105 0 0 0 
            0 0 0 0 0 0 0 0 0 0   ...  0 0 0 -0.403551 0 3.51921 -0.596424 0 -0.738817 0 
            0 0 0 0 0 0 0 0 0 0   ...  0 -0.549084 0 -0.793002 -0.389105 -0.596424 3.53704 0 0 0 
            0 0 0 0 0 0 0 0 0 0   ...  0 0 0 0 0 0 0 3.49355 -0.656021 -0.660819 
            0 0 0 0 0 0 0 0 0 0   ...  0 0 0 -0.600858 0 -0.738817 0 -0.656021 3.49878 -0.428968 
            0 0 0 0 0 0 0 0 0 0   ...  0 0 -0.635544 -0.692091 0 0 0 -0.660819 -0.428968 3.49129 

b(psi_1) = 
 0 -1.33212 -1.11737 -1.44015 -1.28084 -1.06632 -1.24168 -1.21336 -1.45261 -1.16432  ...  1.12897 0.507306 1.17027 1.06238 0.717232 0.995888 0.66008 1.74271 1.47301 1.59991
A(psi_2) = 
            1 0 0 0 0 0 0 0 0 0   ...  0 0 0 0 0 0 0 0 0 0 
            -0.898156 3.65205 -0.417396 -0.965475 -0.450517 0 0 0 0 0   ...  0 0 0 0 0 0 0 0 0 0 
            -0.54682 -0.417396 3.58711 0 -0.894065 -0.477241 0 0 0 0   ...  0 0 0 0 0 0 0 0 0 0 
            0 -0.965475 0 3.69488 -0.457791 0 0 0 -0.980684 0   ...  0 0 0 0 0 0 0 0 0 0 
            0 -0.450517 -0.894065 -0.457791 3.58346 -0.4645 0 0 0 0   ...  0 0 0 0 0 0 0 0 0 0 
            0 0 -0.477241 0 -0.4645 3.59953 0 0 0 0   ...  0 0 0 0 0 0 0 0 0 0 
            0 0 0 0 0 0 3.66027 -0.534174 -0.944083 0   ...  0 0 0 0 0 0 0 0 0 0 
            0 0 0 0 0 0 -0.534174 3.5619 -0.392901 -0.533018   ...  0 0 0 0 0 0 0 0 0 0 
            0 0 0 -0.980684 0 0 -0.944083 -0.392901 3.70024 0   ...  0 0 0 0 0 0 0 0 0 0 
            0 0 0 0 0 0 0 -0.533018 0 3.58439   ...  0 0 0 0 0 0 0 0 0 0 
              .
              .
              .
            0 0 0 0 0 0 0 0 0 0   ...  3.49776 0 0 0 0 0 0 0 0 0 
            0 0 0 0 0 0 0 0 0 0   ...  0 3.52747 0 0 -0.78883 0 -0.553799 0 0 0 
            0 0 0 0 0 0 0 0 0 0   ...  0 0 3.49658 -0.424056 -0.73916 0 0 0 0 -0.648712 
            0 0 0 0 0 0 0 0 0 0   ...  0 0 -0.424056 3.51182 -0.605921 -0.399271 -0.782755 0 -0.615373 -0.684446 
            0 0 0 0 0 0 0 0 0 0   ...  0 -0.78883 -0.73916 -0.605921 3.51825 0 -0.39365 0 0 0 
            0 0 0 0 0 0 0 0 0 0   ...  0 0 0 -0.399271 0 3.51993 -0.608783 0 -0.734803 0 
            0 0 0 0 0 0 0 0 0 0   ...  0 -0.553799 0 -0.782755 -0.39365 -0.608783 3.53386 0 0 0 
            0 0 0 0 0 0 0 0 0 0   ...  0 0 0 0 0 0 0 3.50078 -0.65578 -0.680746 
            0 0 0 0 0 0 0 0 0 0   ...  0 0 0 -0.615373 0 -0.734803 0 -0.65578 3.50234 -0.419139 
            0 0 0 0 0 0 0 0 0 0   ...  0 0 -0.648712 -0.684446 0 0 0 -0.680746 -0.419139 3.49441 

b(psi_2) = 
 0 -1.18734 -0.950733 -1.26809 -1.08191 -0.856408 -1.04729 -0.999699 -1.26655 -0.950186  ...  1.11274 0.525006 1.13686 0.984891 0.714316 0.931729 0.619903 1.60838 1.36086 1.47846
A(psi_3) = 
            1 0 0 0 0 0 0 0 0 0   ...  0 0 0 0 0 0 0 0 0 0 
            -0.890673 3.64573 -0.421591 -0.951617 -0.453251 0 0 0 0 0   ...  0 0 0 0 0 0 0 0 0 0 
            -0.551281 -0.421591 3.58453 0 -0.883346 -0.479704 0 0 0 0   ...  0 0 0 0 0 0 0 0 0 0 
            0 -0.951617 0 3.68523 -0.46333 0 0 0 -0.966132 0   ...  0 0 0 0 0 0 0 0 0 0 
            0 -0.453251 -0.883346 -0.46333 3.57482 -0.469399 0 0 0 0   ...  0 0 0 0 0 0 0 0 0 0 
            0 0 -0.479704 0 -0.469399 3.5957 0 0 0 0   ...  0 0 0 0 0 0 0 0 0 0 
            0 0 0 0 0 0 3.65437 -0.53956 -0.932096 0   ...  0 0 0 0 0 0 0 0 0 0 
            0 0 0 0 0 0 -0.53956 3.55456 -0.395371 -0.538741   ...  0 0 0 0 0 0 0 0 0 0 
            0 0 0 -0.966132 0 0 -0.932096 -0.395371 3.69144 0   ...  0 0 0 0 0 0 0 0 0 0 
            0 0 0 0 0 0 0 -0.538741 0 3.57514   ...  0 0 0 0 0 0 0 0 0 0 
              .
              .
              .
            0 0 0 0 0 0 0 0 0 0   ...  3.49889 0 0 0 0 0 0 0 0 0 
            0 0 0 0 0 0 0 0 0 0   ...  0 3.52139 0 0 -0.779479 0 -0.555061 0 0 0 
            0 0 0 0 0 0 0 0 0 0   ...  0 0 3.49525 -0.425535 -0.732912 0 0 0 0 -0.655865 
            0 0 0 0 0 0 0 0 0 0   ...  0 0 -0.425535 3.51027 -0.608695 -0.397534 -0.774396 0 -0.624569 -0.67954 
            0 0 0 0 0 0 0 0 0 0   ...  0 -0.779479 -0.732912 -0.608695 3.51403 0 -0.399887 0 0 0 
            0 0 0 0 0 0 0 0 0 0   ...  0 0 0 -0.397534 0 3.51976 -0.616829 0 -0.731803 0 
            0 0 0 0 0 0 0 0 0 0   ...  0 -0.555061 0 -0.774396 -0.399887 -0.616829 3.52961 0 0 0 
            0 0 0 0 0 0 0 0 0 0   ...  0 0 0 0 0 0 0 3.50625 -0.65635 -0.693715 
            0 0 0 0 0 0 0 0 0 0   ...  0 0 0 -0.624569 0 -0.731803 0 -0.65635 3.50522 -0.412996 
            0 0 0 0 0 0 0 0 0 0   ...  0 0 -0.655865 -0.67954 0 0 0 -0.693715 -0.412996 3.49655 

b(psi_3) = 
 0 -1.08792 -0.840118 -1.14539 -0.942154 -0.710414 -0.916663 -0.851078 -1.13516 -0.796636  ...  1.0801 0.569853 1.10266 0.929375 0.724086 0.893398 0.618427 1.48313 1.26268 1.37041
A(psi_4) = 
            1 0 0 0 0 0 0 0 0 0   ...  0 0 0 0 0 0 0 0 0 0 
            -0.888228 3.64352 -0.424235 -0.943013 -0.454694 0 0 0 0 0   ...  0 0 0 0 0 0 0 0 0 0 
            -0.552225 -0.424235 3.58243 0 -0.877078 -0.481204 0 0 0 0   ...  0 0 0 0 0 0 0 0 0 0 
            0 -0.943013 0 3.67988 -0.46729 0 0 0 -0.956009 0   ...  0 0 0 0 0 0 0 0 0 0 
            0 -0.454694 -0.877078 -0.46729 3.56921 -0.471439 0 0 0 0   ...  0 0 0 0 0 0 0 0 0 0 
            0 0 -0.481204 0 -0.471439 3.59185 0 0 0 0   ...  0 0 0 0 0 0 0 0 0 0 
            0 0 0 0 0 0 3.65109 -0.54398 -0.923597 0   ...  0 0 0 0 0 0 0 0 0 0 
            0 0 0 0 0 0 -0.54398 3.54903 -0.397055 -0.542452   ...  0 0 0 0 0 0 0 0 0 0 
            0 0 0 -0.956009 0 0 -0.923597 -0.397055 3.6863 0   ...  0 0 0 0 0 0 0 0 0 0 
            0 0 0 0 0 0 0 -0.542452 0 3.56775   ...  0 0 0 0 0 0 0 0 0 0 
              .
              .
              .
            0 0 0 0 0 0 0 0 0 0   ...  3.4997 0 0 0 0 0 0 0 0 0 
            0 0 0 0 0 0 0 0 0 0   ...  0 3.51724 0 0 -0.772948 0 -0.556151 0 0 0 
            0 0 0 0 0 0 0 0 0 0   ...  0 0 3.49464 -0.425817 -0.729236 0 0 0 0 -0.66126 
            0 0 0 0 0 0 0 0 0 0   ...  0 0 -0.425817 3.50969 -0.610854 -0.395061 -0.769085 0 -0.631791 -0.677079 
            0 0 0 0 0 0 0 0 0 0   ...  0 -0.772948 -0.729236 -0.610854 3.51132 0 -0.404084 0 0 0 
            0 0 0 0 0 0 0 0 0 0   ...  0 0 0 -0.395061 0 3.52067 -0.623644 0 -0.730918 0 
            0 0 0 0 0 0 0 0 0 0   ...  0 -0.556151 0 -0.769085 -0.404084 -0.623644 3.52709 0 0 0 
            0 0 0 0 0 0 0 0 0 0   ...  0 0 0 0 0 0 0 3.51073 -0.658206 -0.70334 
            0 0 0 0 0 0 0 0 0 0   ...  0 0 0 -0.631791 0 -0.730918 0 -0.658206 3.50817 -0.407358 
            0 0 0 0 0 0 0 0 0 0   ...  0 0 -0.66126 -0.677079 0 0 0 -0.70334 -0.407358 3.49859 

b(psi_4) = 
 0 -1.00549 -0.754511 -1.04601 -0.835208 -0.603532 -0.820783 -0.743267 -1.03232 -0.685446  ...  1.01543 0.568294 1.02885 0.843011 0.690241 0.821208 0.580381 1.34152 1.14062 1.23988
A(psi_5) = 
            1 0 0 0 0 0 0 0 0 0   ...  0 0 0 0 0 0 0 0 0 0 
            -0.888818 3.64366 -0.42657 -0.937418 -0.454995 0 0 0 0 0   ...  0 0 0 0 0 0 0 0 0 0 
            -0.550901 -0.42657 3.58085 0 -0.87315 -0.481764 0 0 0 0   ...  0 0 0 0 0 0 0 0 0 0 
            0 -0.937418 0 3.67685 -0.470712 0 0 0 -0.948216 0   ...  0 0 0 0 0 0 0 0 0 0 
            0 -0.454995 -0.87315 -0.470712 3.56513 -0.472448 0 0 0 0   ...  0 0 0 0 0 0 0 0 0 0 
            0 0 -0.481764 0 -0.472448 3.58833 0 0 0 0   ...  0 0 0 0 0 0 0 0 0 0 
            0 0 0 0 0 0 3.64866 -0.547683 -0.916558 0   ...  0 0 0 0 0 0 0 0 0 0 
            0 0 0 0 0 0 -0.547683 3.54419 -0.398726 -0.544998   ...  0 0 0 0 0 0 0 0 0 0 
            0 0 0 -0.948216 0 0 -0.916558 -0.398726 3.68282 0   ...  0 0 0 0 0 0 0 0 0 0 
            0 0 0 0 0 0 0 -0.544998 0 3.5612   ...  0 0 0 0 0 0 0 0 0 0 
              .
              .
              .
            0 0 0 0 0 0 0 0 0 0   ...  3.50059 0 0 0 0 0 0 0 0 0 
            0 0 0 0 0 0 0 0 0 0   ...  0 3.51315 0 0 -0.766975 0 -0.555787 0 0 0 
            0 0 0 0 0 0 0 0 0 0   ...  0 0 3.4937 -0.427486 -0.726451 0 0 0 0 -0.663697 
            0 0 0 0 0 0 0 0 0 0   ...  0 0 -0.427486 3.50868 -0.610938 -0.394253 -0.764309 0 -0.636421 -0.675274 
            0 0 0 0 0 0 0 0 0 0   ...  0 -0.766975 -0.726451 -0.610938 3.50861 0 -0.409275 0 0 0 
            0 0 0 0 0 0 0 0 0 0   ...  0 0 0 -0.394253 0 3.52093 -0.628385 0 -0.729832 0 
            0 0 0 0 0 0 0 0 0 0   ...  0 -0.555787 0 -0.764309 -0.409275 -0.628385 3.52425 0 0 0 
            0 0 0 0 0 0 0 0 0 0   ...  0 0 0 0 0 0 0 3.51396 -0.659722 -0.709632 
            0 0 0 0 0 0 0 0 0 0   ...  0 0 0 -0.636421 0 -0.729832 0 -0.659722 3.51025 -0.403887 
            0 0 0 0 0 0 0 0 0 0   ...  0 0 -0.663697 -0.675274 0 0 0 -0.709632 -0.403887 3.49975 

b(psi_5) = 
 0 -0.940157 -0.690374 -0.969107 -0.755341 -0.526124 -0.755834 -0.668423 -0.956074 -0.605669  ...  0.952833 0.580592 0.966111 0.77502 0.667887 0.768737 0.560813 1.21693 1.03893 1.12848
A(psi_6) = 
            1 0 0 0 0 0 0 0 0 0   ...  0 0 0 0 0 0 0 0 0 0 
            -0.891542 3.6454 -0.42844 -0.934135 -0.45452 0 0 0 0 0   ...  0 0 0 0 0 0 0 0 0 0 
            -0.548111 -0.42844 3.5796 0 -0.871115 -0.481655 0 0 0 0   ...  0 0 0 0 0 0 0 0 0 0 
            0 -0.934135 0 3.67557 -0.473548 0 0 0 -0.942434 0   ...  0 0 0 0 0 0 0 0 0 0 
            0 -0.45452 -0.871115 -0.473548 3.56233 -0.472544 0 0 0 0   ...  0 0 0 0 0 0 0 0 0 0 
            0 0 -0.481655 0 -0.472544 3.58508 0 0 0 0   ...  0 0 0 0 0 0 0 0 0 0 
            0 0 0 0 0 0 3.64711 -0.550803 -0.910979 0   ...  0 0 0 0 0 0 0 0 0 0 
            0 0 0 0 0 0 -0.550803 3.54013 -0.400181 -0.546641   ...  0 0 0 0 0 0 0 0 0 0 
            0 0 0 -0.942434 0 0 -0.910979 -0.400181 3.68077 0   ...  0 0 0 0 0 0 0 0 0 0 
            0 0 0 0 0 0 0 -0.546641 0 3.55557   ...  0 0 0 0 0 0 0 0 0 0 
              .
              .
              .
            0 0 0 0 0 0 0 0 0 0   ...  3.50139 0 0 0 0 0 0 0 0 0 
            0 0 0 0 0 0 0 0 0 0   ...  0 3.50972 0 0 -0.761918 0 -0.555043 0 0 0 
            0 0 0 0 0 0 0 0 0 0   ...  0 0 3.4928 -0.429346 -0.724443 0 0 0 0 -0.664771 
            0 0 0 0 0 0 0 0 0 0   ...  0 0 -0.429346 3.50772 -0.610286 -0.393919 -0.760404 0 -0.639658 -0.674105 
            0 0 0 0 0 0 0 0 0 0   ...  0 -0.761918 -0.724443 -0.610286 3.50631 0 -0.414198 0 0 0 
            0 0 0 0 0 0 0 0 0 0   ...  0 0 0 -0.393919 0 3.52117 -0.632085 0 -0.729049 0 
            0 0 0 0 0 0 0 0 0 0   ...  0 -0.555043 0 -0.760404 -0.414198 -0.632085 3.52181 0 0 0 
            0 0 0 0 0 0 0 0 0 0   ...  0 0 0 0 0 0 0 3.51642 -0.661246 -0.713957 
            0 0 0 0 0 0 0 0 0 0   ...  0 0 0 -0.639658 0 -0.729049 0 -0.661246 3.51191 -0.401384 
            0 0 0 0 0 0 0 0 0 0   ...  0 0 -0.664771 -0.674105 0 0 0 -0.713957 -0.401384 3.50049 

b(psi_6) = 
 0 -0.887027 -0.641084 -0.908217 -0.694937 -0.469994 -0.711748 -0.617002 -0.898506 -0.549288  ...  0.888486 0.586156 0.902626 0.710626 0.641393 0.718992 0.540085 1.10141 0.945178 1.02502
A(psi_7) = 
            1 0 0 0 0 0 0 0 0 0   ...  0 0 0 0 0 0 0 0 0 0 
            -0.895448 3.64814 -0.43029 -0.932323 -0.453403 0 0 0 0 0   ...  0 0 0 0 0 0 0 0 0 0 
            -0.544466 -0.43029 3.57869 0 -0.870057 -0.481087 0 0 0 0   ...  0 0 0 0 0 0 0 0 0 0 
            0 -0.932323 0 3.67544 -0.476233 0 0 0 -0.937944 0   ...  0 0 0 0 0 0 0 0 0 0 
            0 -0.453403 -0.870057 -0.476233 3.56024 -0.472428 0 0 0 0   ...  0 0 0 0 0 0 0 0 0 0 
            0 0 -0.481087 0 -0.472428 3.58221 0 0 0 0   ...  0 0 0 0 0 0 0 0 0 0 
            0 0 0 0 0 0 3.64609 -0.553666 -0.906278 0   ...  0 0 0 0 0 0 0 0 0 0 
            0 0 0 0 0 0 -0.553666 3.53656 -0.401445 -0.547913   ...  0 0 0 0 0 0 0 0 0 0 
            0 0 0 -0.937944 0 0 -0.906278 -0.401445 3.67965 0   ...  0 0 0 0 0 0 0 0 0 0 
            0 0 0 0 0 0 0 -0.547913 0 3.55058   ...  0 0 0 0 0 0 0 0 0 0 
              .
              .
              .
            0 0 0 0 0 0 0 0 0 0   ...  3.50215 0 0 0 0 0 0 0 0 0 
            0 0 0 0 0 0 0 0 0 0   ...  0 3.50666 0 0 -0.757339 0 -0.553937 0 0 0 
            0 0 0 0 0 0 0 0 0 0   ...  0 0 3.49185 -0.431558 -0.722789 0 0 0 0 -0.664816 
            0 0 0 0 0 0 0 0 0 0   ...  0 0 -0.431558 3.50666 -0.609031 -0.394232 -0.756887 0 -0.641778 -0.673175 
            0 0 0 0 0 0 0 0 0 0   ...  0 -0.757339 -0.722789 -0.609031 3.5042 0 -0.419169 0 0 0 
            0 0 0 0 0 0 0 0 0 0   ...  0 0 0 -0.394232 0 3.52116 -0.634841 0 -0.728219 0 
            0 0 0 0 0 0 0 0 0 0   ...  0 -0.553937 0 -0.756887 -0.419169 -0.634841 3.51946 0 0 0 
            0 0 0 0 0 0 0 0 0 0   ...  0 0 0 0 0 0 0 3.51825 -0.662536 -0.716854 
            0 0 0 0 0 0 0 0 0 0   ...  0 0 0 -0.641778 0 -0.728219 0 -0.662536 3.5131 -0.399789 
            0 0 0 0 0 0 0 0 0 0   ...  0 0 -0.664816 -0.673175 0 0 0 -0.716854 -0.399789 3.50084 

b(psi_7) = 
 0 -0.843774 -0.602891 -0.860487 -0.649273 -0.429009 -0.684028 -0.583143 -0.856006 -0.509726  ...  0.831687 0.596575 0.850296 0.659671 0.622522 0.681601 0.528189 1.00378 0.868318 0.939102
A(psi_8) = 
            1 0 0 0 0 0 0 0 0 0   ...  0 0 0 0 0 0 0 0 0 0 
            -0.900326 3.65166 -0.431966 -0.931742 -0.451779 0 0 0 0 0   ...  0 0 0 0 0 0 0 0 0 0 
            -0.540165 -0.431966 3.57803 0 -0.869943 -0.480093 0 0 0 0   ...  0 0 0 0 0 0 0 0 0 0 
            0 -0.931742 0 3.67626 -0.478719 0 0 0 -0.934625 0   ...  0 0 0 0 0 0 0 0 0 0 
            0 -0.451779 -0.869943 -0.478719 3.55884 -0.472099 0 0 0 0   ...  0 0 0 0 0 0 0 0 0 0 
            0 0 -0.480093 0 -0.472099 3.57968 0 0 0 0   ...  0 0 0 0 0 0 0 0 0 0 
            0 0 0 0 0 0 3.64566 -0.556452 -0.902422 0   ...  0 0 0 0 0 0 0 0 0 0 
            0 0 0 0 0 0 -0.556452 3.53351 -0.402353 -0.54902   ...  0 0 0 0 0 0 0 0 0 0 
            0 0 0 -0.934625 0 0 -0.902422 -0.402353 3.67939 0   ...  0 0 0 0 0 0 0 0 0 0 
            0 0 0 0 0 0 0 -0.54902 0 3.54624   ...  0 0 0 0 0 0 0 0 0 0 
              .
              .
              .
            0 0 0 0 0 0 0 0 0 0   ...  3.50278 0 0 0 0 0 0 0 0 0 
            0 0 0 0 0 0 0 0 0 0   ...  0 3.50405 0 0 -0.753335 0 -0.552479 0 0 0 
            0 0 0 0 0 0 0 0 0 0   ...  0 0 3.49087 -0.434087 -0.72143 0 0 0 0 -0.664067 
            0 0 0 0 0 0 0 0 0 0   ...  0 0 -0.434087 3.50551 -0.607267 -0.395104 -0.753746 0 -0.642946 -0.67236 
            0 0 0 0 0 0 0 0 0 0   ...  0 -0.753335 -0.72143 -0.607267 3.50232 0 -0.424106 0 0 0 
            0 0 0 0 0 0 0 0 0 0   ...  0 0 0 -0.395104 0 3.52092 -0.636727 0 -0.727323 0 
            0 0 0 0 0 0 0 0 0 0   ...  0 -0.552479 0 -0.753746 -0.424106 -0.636727 3.51726 0 0 0 
            0 0 0 0 0 0 0 0 0 0   ...  0 0 0 0 0 0 0 3.51951 -0.663535 -0.718598 
            0 0 0 0 0 0 0 0 0 0   ...  0 0 0 -0.642946 0 -0.727323 0 -0.663535 3.51383 -0.399019 
            0 0 0 0 0 0 0 0 0 0   ...  0 0 -0.664067 -0.67236 0 0 0 -0.718598 -0.399019 3.50083 

b(psi_8) = 
 0 -0.806242 -0.571437 -0.820175 -0.612718 -0.398261 -0.663912 -0.559013 -0.821459 -0.481063  ...  0.777522 0.605096 0.804187 0.615817 0.605606 0.649171 0.51812 0.917925 0.80151 0.864572
A(psi_9) = 
            1 0 0 0 0 0 0 0 0 0   ...  0 0 0 0 0 0 0 0 0 0 
            -0.905973 3.65568 -0.432999 -0.932268 -0.450013 0 0 0 0 0   ...  0 0 0 0 0 0 0 0 0 0 
            -0.535521 -0.432999 3.57745 0 -0.870987 -0.478841 0 0 0 0   ...  0 0 0 0 0 0 0 0 0 0 
            0 -0.932268 0 3.67776 -0.480563 0 0 0 -0.932516 0   ...  0 0 0 0 0 0 0 0 0 0 
            0 -0.450013 -0.870987 -0.480563 3.55824 -0.471051 0 0 0 0   ...  0 0 0 0 0 0 0 0 0 0 
            0 0 -0.478841 0 -0.471051 3.57732 0 0 0 0   ...  0 0 0 0 0 0 0 0 0 0 
            0 0 0 0 0 0 3.64579 -0.558791 -0.899661 0   ...  0 0 0 0 0 0 0 0 0 0 
            0 0 0 0 0 0 -0.558791 3.53115 -0.402953 -0.54959   ...  0 0 0 0 0 0 0 0 0 0 
            0 0 0 -0.932516 0 0 -0.899661 -0.402953 3.67986 0   ...  0 0 0 0 0 0 0 0 0 0 
            0 0 0 0 0 0 0 -0.54959 0 3.54274   ...  0 0 0 0 0 0 0 0 0 0 
              .
              .
              .
            0 0 0 0 0 0 0 0 0 0   ...  3.50325 0 0 0 0 0 0 0 0 0 
            0 0 0 0 0 0 0 0 0 0   ...  0 3.50212 0 0 -0.750261 0 -0.551376 0 0 0 
            0 0 0 0 0 0 0 0 0 0   ...  0 0 3.49019 -0.435892 -0.720698 0 0 0 0 -0.663323 
            0 0 0 0 0 0 0 0 0 0   ...  0 0 -0.435892 3.50475 -0.605791 -0.395426 -0.751566 0 -0.643925 -0.672155 
            0 0 0 0 0 0 0 0 0 0   ...  0 -0.750261 -0.720698 -0.605791 3.50095 0 -0.427954 0 0 0 
            0 0 0 0 0 0 0 0 0 0   ...  0 0 0 -0.395426 0 3.52113 -0.638552 0 -0.727092 0 
            0 0 0 0 0 0 0 0 0 0   ...  0 -0.551376 0 -0.751566 -0.427954 -0.638552 3.51577 0 0 0 
            0 0 0 0 0 0 0 0 0 0   ...  0 0 0 0 0 0 0 3.52058 -0.664902 -0.719834 
            0 0 0 0 0 0 0 0 0 0   ...  0 0 0 -0.643925 0 -0.727092 0 -0.664902 3.51465 -0.398062 
            0 0 0 0 0 0 0 0 0 0   ...  0 0 -0.663323 -0.672155 0 0 0 -0.719834 -0.398062 3.50089 

b(psi_9) = 
 0 -0.77376 -0.545842 -0.785502 -0.583735 -0.376512 -0.647867 -0.541884 -0.792212 -0.461664  ...  0.71327 0.590045 0.741388 0.557923 0.56875 0.60144 0.489249 0.824768 0.724586 0.779847
A(psi_10) = 
             1 0 0 0 0 0 0 0 0 0   ...  0 0 0 0 0 0 0 0 0 0 
             -0.911754 3.65994 -0.434245 -0.933214 -0.447934 0 0 0 0 0   ...  0 0 0 0 0 0 0 0 0 0 
             -0.53077 -0.434245 3.57715 0 -0.872118 -0.477406 0 0 0 0   ...  0 0 0 0 0 0 0 0 0 0 
             0 -0.933214 0 3.67964 -0.482565 0 0 0 -0.930828 0   ...  0 0 0 0 0 0 0 0 0 0 
             0 -0.447934 -0.872118 -0.482565 3.55779 -0.470361 0 0 0 0   ...  0 0 0 0 0 0 0 0 0 0 
             0 0 -0.477406 0 -0.470361 3.57535 0 0 0 0   ...  0 0 0 0 0 0 0 0 0 0 
             0 0 0 0 0 0 3.64609 -0.561231 -0.897114 0   ...  0 0 0 0 0 0 0 0 0 0 
             0 0 0 0 0 0 -0.561231 3.52899 -0.403372 -0.550349   ...  0 0 0 0 0 0 0 0 0 0 
             0 0 0 -0.930828 0 0 -0.897114 -0.403372 3.68063 0   ...  0 0 0 0 0 0 0 0 0 0 
             0 0 0 0 0 0 0 -0.550349 0 3.53954   ...  0 0 0 0 0 0 0 0 0 0 
               .
               .
               .
             0 0 0 0 0 0 0 0 0 0   ...  3.5036 0 0 0 0 0 0 0 0 0 
             0 0 0 0 0 0 0 0 0 0   ...  0 3.50029 0 0 -0.747271 0 -0.549871 0 0 0 
             0 0 0 0 0 0 0 0 0 0   ...  0 0 3.48935 -0.438249 -0.71985 0 0 0 0 -0.661972 
             0 0 0 0 0 0 0 0 0 0   ...  0 0 -0.438249 3.50377 -0.603853 -0.396484 -0.749302 0 -0.64416 -0.671719 
             0 0 0 0 0 0 0 0 0 0   ...  0 -0.747271 -0.71985 -0.603853 3.49955 0 -0.432148 0 0 0 
             0 0 0 0 0 0 0 0 0 0   ...  0 0 0 -0.396484 0 3.5209 -0.639567 0 -0.726508 0 
             0 0 0 0 0 0 0 0 0 0   ...  0 -0.549871 0 -0.749302 -0.432148 -0.639567 3.51411 0 0 0 
             0 0 0 0 0 0 0 0 0 0   ...  0 0 0 0 0 0 0 3.5212 -0.66578 -0.720309 
             0 0 0 0 0 0 0 0 0 0   ...  0 0 0 -0.64416 0 -0.726508 0 -0.66578 3.51499 -0.397926 
             0 0 0 0 0 0 0 0 0 0   ...  0 0 -0.661972 -0.671719 0 0 0 -0.720309 -0.397926 3.50061 

b(psi_10) = 
 0 -0.747183 -0.52603 -0.758003 -0.561739 -0.361305 -0.638546 -0.531598 -0.770203 -0.44881  ...  0.661612 0.585368 0.695235 0.516396 0.545216 0.568452 0.472734 0.751177 0.666066 0.714726
A(psi_11) = 
             1 0 0 0 0 0 0 0 0 0   ...  0 0 0 0 0 0 0 0 0 0 
             -0.917719 3.66437 -0.435315 -0.934645 -0.445746 0 0 0 0 0   ...  0 0 0 0 0 0 0 0 0 0 
             -0.526005 -0.435315 3.577 0 -0.873648 -0.475834 0 0 0 0   ...  0 0 0 0 0 0 0 0 0 0 
             0 -0.934645 0 3.68181 -0.484374 0 0 0 -0.929701 0   ...  0 0 0 0 0 0 0 0 0 0 
             0 -0.445746 -0.873648 -0.484374 3.55768 -0.469598 0 0 0 0   ...  0 0 0 0 0 0 0 0 0 0 
             0 0 -0.475834 0 -0.469598 3.57362 0 0 0 0   ...  0 0 0 0 0 0 0 0 0 0 
             0 0 0 0 0 0 3.64661 -0.563525 -0.895043 0   ...  0 0 0 0 0 0 0 0 0 0 
             0 0 0 0 0 0 -0.563525 3.52715 -0.403604 -0.551014   ...  0 0 0 0 0 0 0 0 0 0 
             0 0 0 -0.929701 0 0 -0.895043 -0.403604 3.68172 0   ...  0 0 0 0 0 0 0 0 0 0 
             0 0 0 0 0 0 0 -0.551014 0 3.53677   ...  0 0 0 0 0 0 0 0 0 0 
               .
               .
               .
             0 0 0 0 0 0 0 0 0 0   ...  3.5039 0 0 0 0 0 0 0 0 0 
             0 0 0 0 0 0 0 0 0 0   ...  0 3.4988 0 0 -0.74471 0 -0.548514 0 0 0 
             0 0 0 0 0 0 0 0 0 0   ...  0 0 3.48863 -0.440382 -0.719203 0 0 0 0 -0.660596 
             0 0 0 0 0 0 0 0 0 0   ...  0 0 -0.440382 3.5029 -0.602007 -0.397445 -0.747408 0 -0.64421 -0.671452 
             0 0 0 0 0 0 0 0 0 0   ...  0 -0.74471 -0.719203 -0.602007 3.49838 0 -0.435896 0 0 0 
             0 0 0 0 0 0 0 0 0 0   ...  0 0 0 -0.397445 0 3.52078 -0.640457 0 -0.726091 0 
             0 0 0 0 0 0 0 0 0 0   ...  0 -0.548514 0 -0.747408 -0.435896 -0.640457 3.51275 0 0 0 
             0 0 0 0 0 0 0 0 0 0   ...  0 0 0 0 0 0 0 3.52168 -0.666687 -0.720481 
             0 0 0 0 0 0 0 0 0 0   ...  0 0 0 -0.64421 0 -0.726091 0 -0.666687 3.51526 -0.397877 
             0 0 0 0 0 0 0 0 0 0   ...  0 0 -0.660596 -0.671452 0 0 0 -0.720481 -0.397877 3.50031 

b(psi_11) = 
 0 -0.723721 -0.509309 -0.733992 -0.543555 -0.349934 -0.63094 -0.524052 -0.751094 -0.439466  ...  0.612102 0.575615 0.649505 0.476192 0.519372 0.535984 0.454212 0.682729 0.611236 0.653586
A(psi_12) = 
             1 0 0 0 0 0 0 0 0 0   ...  0 0 0 0 0 0 0 0 0 0 
             -0.923562 3.66883 -0.436454 -0.936265 -0.443447 0 0 0 0 0   ...  0 0 0 0 0 0 0 0 0 0 
             -0.521335 -0.436454 3.577 0 -0.875239 -0.474188 0 0 0 0   ...  0 0 0 0 0 0 0 0 0 0 
             0 -0.936265 0 3.68417 -0.486222 0 0 0 -0.92887 0   ...  0 0 0 0 0 0 0 0 0 0 
             0 -0.443447 -0.875239 -0.486222 3.5577 -0.469017 0 0 0 0   ...  0 0 0 0 0 0 0 0 0 0 
             0 0 -0.474188 0 -0.469017 3.57215 0 0 0 0   ...  0 0 0 0 0 0 0 0 0 0 
             0 0 0 0 0 0 3.64728 -0.565898 -0.893195 0   ...  0 0 0 0 0 0 0 0 0 0 
             0 0 0 0 0 0 -0.565898 3.52553 -0.403631 -0.55184   ...  0 0 0 0 0 0 0 0 0 0 
             0 0 0 -0.92887 0 0 -0.893195 -0.403631 3.68302 0   ...  0 0 0 0 0 0 0 0 0 0 
             0 0 0 0 0 0 0 -0.55184 0 3.53433   ...  0 0 0 0 0 0 0 0 0 0 
               .
               .
               .
             0 0 0 0 0 0 0 0 0 0   ...  3.50417 0 0 0 0 0 0 0 0 0 
             0 0 0 0 0 0 0 0 0 0   ...  0 3.49752 0 0 -0.742436 0 -0.547149 0 0 0 
             0 0 0 0 0 0 0 0 0 0   ...  0 0 3.48797 -0.442413 -0.718679 0 0 0 0 -0.659141 
             0 0 0 0 0 0 0 0 0 0   ...  0 0 -0.442413 3.5021 -0.600176 -0.398468 -0.745743 0 -0.644033 -0.671262 
             0 0 0 0 0 0 0 0 0 0   ...  0 -0.742436 -0.718679 -0.600176 3.49736 0 -0.439393 0 0 0 
             0 0 0 0 0 0 0 0 0 0   ...  0 0 0 -0.398468 0 3.52061 -0.641041 0 -0.725733 0 
             0 0 0 0 0 0 0 0 0 0   ...  0 -0.547149 0 -0.745743 -0.439393 -0.641041 3.51151 0 0 0 
             0 0 0 0 0 0 0 0 0 0   ...  0 0 0 0 0 0 0 3.52202 -0.667515 -0.720406 
             0 0 0 0 0 0 0 0 0 0   ...  0 0 0 -0.644033 0 -0.725733 0 -0.667515 3.51543 -0.397962 
             0 0 0 0 0 0 0 0 0 0   ...  0 0 -0.659141 -0.671262 0 0 0 -0.720406 -0.397962 3.49997 

b(psi_12) = 
 0 -0.703757 -0.496002 -0.713766 -0.529353 -0.342474 -0.625203 -0.519252 -0.735097 -0.433632  ...  0.565813 0.56476 0.607574 0.439988 0.49498 0.505976 0.43643 0.621491 0.562058 0.598921
A(psi_13) = 
             1 0 0 0 0 0 0 0 0 0   ...  0 0 0 0 0 0 0 0 0 0 
             -0.929296 3.67328 -0.437572 -0.938051 -0.441108 0 0 0 0 0   ...  0 0 0 0 0 0 0 0 0 0 
             -0.516799 -0.437572 3.57713 0 -0.876914 -0.472499 0 0 0 0   ...  0 0 0 0 0 0 0 0 0 0 
             0 -0.938051 0 3.68664 -0.488025 0 0 0 -0.928303 0   ...  0 0 0 0 0 0 0 0 0 0 
             0 -0.441108 -0.876914 -0.488025 3.55786 -0.468547 0 0 0 0   ...  0 0 0 0 0 0 0 0 0 0 
             0 0 -0.472499 0 -0.468547 3.57091 0 0 0 0   ...  0 0 0 0 0 0 0 0 0 0 
             0 0 0 0 0 0 3.64805 -0.568236 -0.891557 0   ...  0 0 0 0 0 0 0 0 0 0 
             0 0 0 0 0 0 -0.568236 3.52412 -0.403532 -0.552724   ...  0 0 0 0 0 0 0 0 0 0 
             0 0 0 -0.928303 0 0 -0.891557 -0.403532 3.68444 0   ...  0 0 0 0 0 0 0 0 0 0 
             0 0 0 0 0 0 0 -0.552724 0 3.53217   ...  0 0 0 0 0 0 0 0 0 0 
               .
               .
               .
             0 0 0 0 0 0 0 0 0 0   ...  3.50434 0 0 0 0 0 0 0 0 0 
             0 0 0 0 0 0 0 0 0 0   ...  0 3.49639 0 0 -0.74034 0 -0.545715 0 0 0 
             0 0 0 0 0 0 0 0 0 0   ...  0 0 3.48731 -0.444511 -0.718158 0 0 0 0 -0.657565 
             0 0 0 0 0 0 0 0 0 0   ...  0 0 -0.444511 3.50126 -0.598282 -0.399679 -0.744171 0 -0.6436 -0.671021 
             0 0 0 0 0 0 0 0 0 0   ...  0 -0.74034 -0.718158 -0.598282 3.49641 0 -0.442811 0 0 0 
             0 0 0 0 0 0 0 0 0 0   ...  0 0 0 -0.399679 0 3.52033 -0.64132 0 -0.725306 0 
             0 0 0 0 0 0 0 0 0 0   ...  0 -0.545715 0 -0.744171 -0.442811 -0.64132 3.51034 0 0 0 
             0 0 0 0 0 0 0 0 0 0   ...  0 0 0 0 0 0 0 3.52218 -0.66816 -0.720058 
             0 0 0 0 0 0 0 0 0 0   ...  0 0 0 -0.6436 0 -0.725306 0 -0.66816 3.51541 -0.398319 
             0 0 0 0 0 0 0 0 0 0   ...  0 0 -0.657565 -0.671021 0 0 0 -0.720058 -0.398319 3.49954 

b(psi_13) = 
 0 -0.686744 -0.485475 -0.696684 -0.518265 -0.337906 -0.62087 -0.516383 -0.721597 -0.430217  ...  0.523596 0.55375 0.570037 0.408131 0.472767 0.479108 0.420199 0.567366 0.518675 0.550778
A(psi_14) = 
             1 0 0 0 0 0 0 0 0 0   ...  0 0 0 0 0 0 0 0 0 0 
             -0.934754 3.67765 -0.438854 -0.939816 -0.438705 0 0 0 0 0   ...  0 0 0 0 0 0 0 0 0 0 
             -0.512447 -0.438854 3.57739 0 -0.878435 -0.470798 0 0 0 0   ...  0 0 0 0 0 0 0 0 0 0 
             0 -0.939816 0 3.68915 -0.489966 0 0 0 -0.927806 0   ...  0 0 0 0 0 0 0 0 0 0 
             0 -0.438705 -0.878435 -0.489966 3.55802 -0.468388 0 0 0 0   ...  0 0 0 0 0 0 0 0 0 0 
             0 0 -0.470798 0 -0.468388 3.56989 0 0 0 0   ...  0 0 0 0 0 0 0 0 0 0 
             0 0 0 0 0 0 3.64887 -0.570701 -0.889957 0   ...  0 0 0 0 0 0 0 0 0 0 
             0 0 0 0 0 0 -0.570701 3.52281 -0.4033 -0.553846   ...  0 0 0 0 0 0 0 0 0 0 
             0 0 0 -0.927806 0 0 -0.889957 -0.4033 3.68594 0   ...  0 0 0 0 0 0 0 0 0 0 
             0 0 0 0 0 0 0 -0.553846 0 3.5302   ...  0 0 0 0 0 0 0 0 0 0 
               .
               .
               .
             0 0 0 0 0 0 0 0 0 0   ...  3.50449 0 0 0 0 0 0 0 0 0 
             0 0 0 0 0 0 0 0 0 0   ...  0 3.49539 0 0 -0.738386 0 -0.544259 0 0 0 
             0 0 0 0 0 0 0 0 0 0   ...  0 0 3.48666 -0.446647 -0.717627 0 0 0 0 -0.655931 
             0 0 0 0 0 0 0 0 0 0   ...  0 0 -0.446647 3.50043 -0.596375 -0.401008 -0.742662 0 -0.64301 -0.670723 
             0 0 0 0 0 0 0 0 0 0   ...  0 -0.738386 -0.717627 -0.596375 3.49552 0 -0.446139 0 0 0 
             0 0 0 0 0 0 0 0 0 0   ...  0 0 0 -0.401008 0 3.51996 -0.641388 0 -0.72481 0 
             0 0 0 0 0 0 0 0 0 0   ...  0 -0.544259 0 -0.742662 -0.446139 -0.641388 3.5092 0 0 0 
             0 0 0 0 0 0 0 0 0 0   ...  0 0 0 0 0 0 0 3.52222 -0.668639 -0.719553 
             0 0 0 0 0 0 0 0 0 0   ...  0 0 0 -0.64301 0 -0.72481 0 -0.668639 3.51527 -0.398863 
             0 0 0 0 0 0 0 0 0 0   ...  0 0 -0.655931 -0.670723 0 0 0 -0.719553 -0.398863 3.49904 

b(psi_14) = 
 0 -0.672333 -0.477327 -0.682335 -0.509737 -0.335533 -0.61766 -0.51494 -0.710194 -0.428525  ...  0.487268 0.545901 0.539354 0.382886 0.455553 0.457812 0.408302 0.52199 0.483019 0.511038
A(psi_15) = 
             1 0 0 0 0 0 0 0 0 0   ...  0 0 0 0 0 0 0 0 0 0 
             -0.939988 3.68192 -0.44013 -0.941597 -0.436328 0 0 0 0 0   ...  0 0 0 0 0 0 0 0 0 0 
             -0.508293 -0.44013 3.57774 0 -0.879937 -0.469108 0 0 0 0   ...  0 0 0 0 0 0 0 0 0 0 
             0 -0.941597 0 3.69166 -0.491884 0 0 0 -0.927435 0   ...  0 0 0 0 0 0 0 0 0 0 
             0 -0.436328 -0.879937 -0.491884 3.55824 -0.468342 0 0 0 0   ...  0 0 0 0 0 0 0 0 0 0 
             0 0 -0.469108 0 -0.468342 3.56904 0 0 0 0   ...  0 0 0 0 0 0 0 0 0 0 
             0 0 0 0 0 0 3.64975 -0.573164 -0.888482 0   ...  0 0 0 0 0 0 0 0 0 0 
             0 0 0 0 0 0 -0.573164 3.52166 -0.402969 -0.555056   ...  0 0 0 0 0 0 0 0 0 0 
             0 0 0 -0.927435 0 0 -0.888482 -0.402969 3.68749 0   ...  0 0 0 0 0 0 0 0 0 0 
             0 0 0 0 0 0 0 -0.555056 0 3.52843   ...  0 0 0 0 0 0 0 0 0 0 
               .
               .
               .
             0 0 0 0 0 0 0 0 0 0   ...  3.50462 0 0 0 0 0 0 0 0 0 
             0 0 0 0 0 0 0 0 0 0   ...  0 3.49454 0 0 -0.736637 0 -0.542844 0 0 0 
             0 0 0 0 0 0 0 0 0 0   ...  0 0 3.48608 -0.44863 -0.717175 0 0 0 0 -0.654372 
             0 0 0 0 0 0 0 0 0 0   ...  0 0 -0.44863 3.49965 -0.594558 -0.402302 -0.741313 0 -0.642373 -0.670477 
             0 0 0 0 0 0 0 0 0 0   ...  0 -0.736637 -0.717175 -0.594558 3.49475 0 -0.449234 0 0 0 
             0 0 0 0 0 0 0 0 0 0   ...  0 0 0 -0.402302 0 3.51959 -0.641333 0 -0.724363 0 
             0 0 0 0 0 0 0 0 0 0   ...  0 -0.542844 0 -0.741313 -0.449234 -0.641333 3.50818 0 0 0 
             0 0 0 0 0 0 0 0 0 0   ...  0 0 0 0 0 0 0 3.52224 -0.669088 -0.719017 
             0 0 0 0 0 0 0 0 0 0   ...  0 0 0 -0.642373 0 -0.724363 0 -0.669088 3.5151 -0.399406 
             0 0 0 0 0 0 0 0 0 0   ...  0 0 -0.654372 -0.670477 0 0 0 -0.719017 -0.399406 3.49857 

b(psi_15) = 
 0 -0.659866 -0.471018 -0.66987 -0.503112 -0.334933 -0.614635 -0.514167 -0.699981 -0.428045  ...  0.452998 0.536754 0.510779 0.359667 0.438861 0.437441 0.396301 0.480713 0.450344 0.474905
A(psi_16) = 
             1 0 0 0 0 0 0 0 0 0   ...  0 0 0 0 0 0 0 0 0 0 
             -0.944873 3.68604 -0.4415 -0.943269 -0.433976 0 0 0 0 0   ...  0 0 0 0 0 0 0 0 0 0 
             -0.50437 -0.4415 3.57816 0 -0.881277 -0.46746 0 0 0 0   ...  0 0 0 0 0 0 0 0 0 0 
             0 -0.943269 0 3.69413 -0.493885 0 0 0 -0.92705 0   ...  0 0 0 0 0 0 0 0 0 0 
             0 -0.433976 -0.881277 -0.493885 3.55844 -0.468525 0 0 0 0   ...  0 0 0 0 0 0 0 0 0 0 
             0 0 -0.46746 0 -0.468525 3.56836 0 0 0 0   ...  0 0 0 0 0 0 0 0 0 0 
             0 0 0 0 0 0 3.65066 -0.57574 -0.886997 0   ...  0 0 0 0 0 0 0 0 0 0 
             0 0 0 0 0 0 -0.57574 3.5206 -0.402534 -0.556485   ...  0 0 0 0 0 0 0 0 0 0 
             0 0 0 -0.92705 0 0 -0.886997 -0.402534 3.68905 0   ...  0 0 0 0 0 0 0 0 0 0 
             0 0 0 0 0 0 0 -0.556485 0 3.52683   ...  0 0 0 0 0 0 0 0 0 0 
               .
               .
               .
             0 0 0 0 0 0 0 0 0 0   ...  3.50471 0 0 0 0 0 0 0 0 0 
             0 0 0 0 0 0 0 0 0 0   ...  0 3.49381 0 0 -0.735047 0 -0.541398 0 0 0 
             0 0 0 0 0 0 0 0 0 0   ...  0 0 3.48553 -0.450583 -0.716775 0 0 0 0 -0.652782 
             0 0 0 0 0 0 0 0 0 0   ...  0 0 -0.450583 3.4989 -0.592734 -0.403657 -0.74006 0 -0.641622 -0.670243 
             0 0 0 0 0 0 0 0 0 0   ...  0 -0.735047 -0.716775 -0.592734 3.49404 0 -0.452218 0 0 0 
             0 0 0 0 0 0 0 0 0 0   ...  0 0 0 -0.403657 0 3.51917 -0.641119 0 -0.723897 0 
             0 0 0 0 0 0 0 0 0 0   ...  0 -0.541398 0 -0.74006 -0.452218 -0.641119 3.50723 0 0 0 
             0 0 0 0 0 0 0 0 0 0   ...  0 0 0 0 0 0 0 3.52217 -0.669457 -0.718368 
             0 0 0 0 0 0 0 0 0 0   ...  0 0 0 -0.641622 0 -0.723897 0 -0.669457 3.51486 -0.400051 
             0 0 0 0 0 0 0 0 0 0   ...  0 0 -0.652782 -0.670243 0 0 0 -0.718368 -0.400051 3.49807 

b(psi_16) = 
 0 -0.649054 -0.466316 -0.658936 -0.498072 -0.335818 -0.611444 -0.513682 -0.690562 -0.428387  ...  0.420342 0.526633 0.48409 0.338181 0.422702 0.417906 0.384284 0.442835 0.420164 0.441822
A(psi_17) = 
             1 0 0 0 0 0 0 0 0 0   ...  0 0 0 0 0 0 0 0 0 0 
             -0.949439 3.69001 -0.44302 -0.944791 -0.431625 0 0 0 0 0   ...  0 0 0 0 0 0 0 0 0 0 
             -0.500665 -0.44302 3.57866 0 -0.882384 -0.465863 0 0 0 0   ...  0 0 0 0 0 0 0 0 0 0 
             0 -0.944791 0 3.69655 -0.496022 0 0 0 -0.92661 0   ...  0 0 0 0 0 0 0 0 0 0 
             0 -0.431625 -0.882384 -0.496022 3.55856 -0.468998 0 0 0 0   ...  0 0 0 0 0 0 0 0 0 0 
             0 0 -0.465863 0 -0.468998 3.56783 0 0 0 0   ...  0 0 0 0 0 0 0 0 0 0 
             0 0 0 0 0 0 3.65161 -0.578425 -0.885494 0   ...  0 0 0 0 0 0 0 0 0 0 
             0 0 0 0 0 0 -0.578425 3.51961 -0.402015 -0.558118   ...  0 0 0 0 0 0 0 0 0 0 
             0 0 0 -0.92661 0 0 -0.885494 -0.402015 3.69061 0   ...  0 0 0 0 0 0 0 0 0 0 
             0 0 0 0 0 0 0 -0.558118 0 3.5253   ...  0 0 0 0 0 0 0 0 0 0 
               .
               .
               .
             0 0 0 0 0 0 0 0 0 0   ...  3.50483 0 0 0 0 0 0 0 0 0 
             0 0 0 0 0 0 0 0 0 0   ...  0 3.49317 0 0 -0.733624 0 -0.540091 0 0 0 
             0 0 0 0 0 0 0 0 0 0   ...  0 0 3.48501 -0.452448 -0.716435 0 0 0 0 -0.651196 
             0 0 0 0 0 0 0 0 0 0   ...  0 0 -0.452448 3.49822 -0.591013 -0.404843 -0.738943 0 -0.640932 -0.670042 
             0 0 0 0 0 0 0 0 0 0   ...  0 -0.733624 -0.716435 -0.591013 3.49342 0 -0.454929 0 0 0 
             0 0 0 0 0 0 0 0 0 0   ...  0 0 0 -0.404843 0 3.51881 -0.640949 0 -0.723474 0 
             0 0 0 0 0 0 0 0 0 0   ...  0 -0.540091 0 -0.738943 -0.454929 -0.640949 3.50639 0 0 0 
             0 0 0 0 0 0 0 0 0 0   ...  0 0 0 0 0 0 0 3.52211 -0.669799 -0.717702 
             0 0 0 0 0 0 0 0 0 0   ...  0 0 0 -0.640932 0 -0.723474 0 -0.669799 3.51464 -0.400654 
             0 0 0 0 0 0 0 0 0 0   ...  0 0 -0.651196 -0.670042 0 0 0 -0.717702 -0.400654 3.49758 

b(psi_17) = 
 0 -0.639545 -0.462757 -0.649269 -0.494112 -0.337533 -0.60854 -0.513538 -0.681973 -0.429232  ...  0.392557 0.519286 0.461764 0.321411 0.410078 0.402597 0.375763 0.411011 0.395601 0.414249
A(psi_18) = 
             1 0 0 0 0 0 0 0 0 0   ...  0 0 0 0 0 0 0 0 0 0 
             -0.953644 3.69377 -0.44444 -0.946215 -0.429418 0 0 0 0 0   ...  0 0 0 0 0 0 0 0 0 0 
             -0.497215 -0.44444 3.57913 0 -0.88348 -0.464359 0 0 0 0   ...  0 0 0 0 0 0 0 0 0 0 
             0 -0.946215 0 3.69889 -0.498032 0 0 0 -0.926258 0   ...  0 0 0 0 0 0 0 0 0 0 
             0 -0.429418 -0.88348 -0.498032 3.55875 -0.469393 0 0 0 0   ...  0 0 0 0 0 0 0 0 0 0 
             0 0 -0.464359 0 -0.469393 3.56736 0 0 0 0   ...  0 0 0 0 0 0 0 0 0 0 
             0 0 0 0 0 0 3.65264 -0.581039 -0.88416 0   ...  0 0 0 0 0 0 0 0 0 0 
             0 0 0 0 0 0 -0.581039 3.51878 -0.401418 -0.559717   ...  0 0 0 0 0 0 0 0 0 0 
             0 0 0 -0.926258 0 0 -0.88416 -0.401418 3.69221 0   ...  0 0 0 0 0 0 0 0 0 0 
             0 0 0 0 0 0 0 -0.559717 0 3.52402   ...  0 0 0 0 0 0 0 0 0 0 
               .
               .
               .
             0 0 0 0 0 0 0 0 0 0   ...  3.50489 0 0 0 0 0 0 0 0 0 
             0 0 0 0 0 0 0 0 0 0   ...  0 3.49266 0 0 -0.732373 0 -0.538705 0 0 0 
             0 0 0 0 0 0 0 0 0 0   ...  0 0 3.48455 -0.454197 -0.71619 0 0 0 0 -0.649659 
             0 0 0 0 0 0 0 0 0 0   ...  0 0 -0.454197 3.49757 -0.589295 -0.406114 -0.737939 0 -0.640133 -0.669891 
             0 0 0 0 0 0 0 0 0 0   ...  0 -0.732373 -0.71619 -0.589295 3.49288 0 -0.457553 0 0 0 
             0 0 0 0 0 0 0 0 0 0   ...  0 0 0 -0.406114 0 3.51844 -0.640616 0 -0.723066 0 
             0 0 0 0 0 0 0 0 0 0   ...  0 -0.538705 0 -0.737939 -0.457553 -0.640616 3.50562 0 0 0 
             0 0 0 0 0 0 0 0 0 0   ...  0 0 0 0 0 0 0 3.522 -0.670102 -0.716977 
             0 0 0 0 0 0 0 0 0 0   ...  0 0 0 -0.640133 0 -0.723066 0 -0.670102 3.51436 -0.401316 
             0 0 0 0 0 0 0 0 0 0   ...  0 0 -0.649659 -0.669891 0 0 0 -0.716977 -0.401316 3.49711 

b(psi_18) = 
 0 -0.630496 -0.459908 -0.639844 -0.490911 -0.340443 -0.604379 -0.513096 -0.673034 -0.430855  ...  0.359528 0.503042 0.433687 0.298635 0.390397 0.380321 0.359495 0.374791 0.365527 0.381941
A(psi_19) = 
             1 0 0 0 0 0 0 0 0 0   ...  0 0 0 0 0 0 0 0 0 0 
             -0.957459 3.69734 -0.446004 -0.947437 -0.427258 0 0 0 0 0   ...  0 0 0 0 0 0 0 0 0 0 
             -0.494013 -0.446004 3.57966 0 -0.884311 -0.462936 0 0 0 0   ...  0 0 0 0 0 0 0 0 0 0 
             0 -0.947437 0 3.70114 -0.500158 0 0 0 -0.925809 0   ...  0 0 0 0 0 0 0 0 0 0 
             0 -0.427258 -0.884311 -0.500158 3.55884 -0.470032 0 0 0 0   ...  0 0 0 0 0 0 0 0 0 0 
             0 0 -0.462936 0 -0.470032 3.567 0 0 0 0   ...  0 0 0 0 0 0 0 0 0 0 
             0 0 0 0 0 0 3.65366 -0.583751 -0.882753 0   ...  0 0 0 0 0 0 0 0 0 0 
             0 0 0 0 0 0 -0.583751 3.518 -0.400785 -0.561498   ...  0 0 0 0 0 0 0 0 0 0 
             0 0 0 -0.925809 0 0 -0.882753 -0.400785 3.69376 0   ...  0 0 0 0 0 0 0 0 0 0 
             0 0 0 0 0 0 0 -0.561498 0 3.5228   ...  0 0 0 0 0 0 0 0 0 0 
               .
               .
               .
             0 0 0 0 0 0 0 0 0 0   ...  3.50496 0 0 0 0 0 0 0 0 0 
             0 0 0 0 0 0 0 0 0 0   ...  0 3.4922 0 0 -0.731189 0 -0.537335 0 0 0 
             0 0 0 0 0 0 0 0 0 0   ...  0 0 3.48411 -0.455915 -0.715931 0 0 0 0 -0.648164 
             0 0 0 0 0 0 0 0 0 0   ...  0 0 -0.455915 3.49694 -0.587626 -0.407402 -0.736963 0 -0.639319 -0.669711 
             0 0 0 0 0 0 0 0 0 0   ...  0 -0.731189 -0.715931 -0.587626 3.49237 0 -0.460088 0 0 0 
             0 0 0 0 0 0 0 0 0 0   ...  0 0 0 -0.407402 0 3.51803 -0.640216 0 -0.722619 0 
             0 0 0 0 0 0 0 0 0 0   ...  0 -0.537335 0 -0.736963 -0.460088 -0.640216 3.50488 0 0 0 
             0 0 0 0 0 0 0 0 0 0   ...  0 0 0 0 0 0 0 3.52186 -0.670324 -0.716249 
             0 0 0 0 0 0 0 0 0 0   ...  0 0 0 -0.639319 0 -0.722619 0 -0.670324 3.51404 -0.402023 
             0 0 0 0 0 0 0 0 0 0   ...  0 0 -0.648164 -0.669711 0 0 0 -0.716249 -0.402023 3.49665 

b(psi_19) = 
 0 -0.622422 -0.457862 -0.631457 -0.488471 -0.343744 -0.600433 -0.512769 -0.664797 -0.432559  ...  0.330904 0.489583 0.41026 0.280195 0.374411 0.361863 0.346452 0.344081 0.340343 0.354902
A(psi_20) = 
             1 0 0 0 0 0 0 0 0 0   ...  0 0 0 0 0 0 0 0 0 0 
             -0.960892 3.7007 -0.447646 -0.948468 -0.425176 0 0 0 0 0   ...  0 0 0 0 0 0 0 0 0 0 
             -0.491057 -0.447646 3.58021 0 -0.884935 -0.461608 0 0 0 0   ...  0 0 0 0 0 0 0 0 0 0 
             0 -0.948468 0 3.70329 -0.502349 0 0 0 -0.925274 0   ...  0 0 0 0 0 0 0 0 0 0 
             0 -0.425176 -0.884935 -0.502349 3.55887 -0.470827 0 0 0 0   ...  0 0 0 0 0 0 0 0 0 0 
             0 0 -0.461608 0 -0.470827 3.56673 0 0 0 0   ...  0 0 0 0 0 0 0 0 0 0 
             0 0 0 0 0 0 3.65471 -0.586535 -0.881311 0   ...  0 0 0 0 0 0 0 0 0 0 
             0 0 0 0 0 0 -0.586535 3.51728 -0.400108 -0.563415   ...  0 0 0 0 0 0 0 0 0 0 
             0 0 0 -0.925274 0 0 -0.881311 -0.400108 3.69529 0   ...  0 0 0 0 0 0 0 0 0 0 
             0 0 0 0 0 0 0 -0.563415 0 3.52167   ...  0 0 0 0 0 0 0 0 0 0 
               .
               .
               .
             0 0 0 0 0 0 0 0 0 0   ...  3.50502 0 0 0 0 0 0 0 0 0 
             0 0 0 0 0 0 0 0 0 0   ...  0 3.49181 0 0 -0.730125 0 -0.535991 0 0 0 
             0 0 0 0 0 0 0 0 0 0   ...  0 0 3.48371 -0.457552 -0.715724 0 0 0 0 -0.646704 
