psi sys matrix & rhs
A(psi_1) = 
            1 0 0 0 0 0 0 0 0 0   ...  0 0 0 0 0 0 0 0 0 0 
            0.683659 -3.31992 0.569161 0 0 0.481079 0 0 0 0   ...  0 0 0 0 0 0 0 0 0 0 
            0.685679 0.569161 -3.31859 0 0 0 0 0 0 0   ...  0 0 0 0 0 0 0 0 0 0 
            0.683076 0 0 -3.28495 0.479292 0.479983 0 0.682085 0 0   ...  0 0 0 0 0 0 0 0 0 0 
            0 0 0 0.479292 -3.28105 0.479292 0.68194 0.68194 0 0   ...  0 0 0 0 0 0 0 0 0 0 
            0.683076 0.481079 0 0.479983 0.479292 -3.28495 0.682085 0 0 0   ...  0 0 0 0 0 0 0 0 0 0 
            0 0 0 0 0.68194 0.682085 -3.41292 0 0 0   ...  0 0 0 0 0 0 0 0 0 0 
            0 0 0 0.682085 0.68194 0 0 -3.41292 0.683406 0   ...  0 0 0 0 0 0 0 0 0 0 
            0 0 0 0 0 0 0 0.683406 -3.2911 0.481416   ...  0 0 0 0 0 0 0 0 0 0 
            0 0 0 0 0 0 0 0 0.481416 -3.2948   ...  0 0 0 0 0 0 0 0 0 0 
              .
              .
              .
            0 0 0 0 0 0 0 0 0 0   ...  -4.86699 0.380165 0.980228 0 0 0 0 0 0 0 
            0 0 0 0 0 0 0 0 0 0   ...  0.380165 -4.06937 0.400041 0 0 0 0 1.74628 -0.207156 0 
            0 0 0 0 0 0 0 0 0 0   ...  0.980228 0.400041 -4.18255 0 0 0 0 0 0.545781 1.59704 
            0 0 0 0 0 0 0 0 0 0   ...  0 0 0 -4.24184 1.7932 0.645142 0 0 0 0 
            0 0 0 0 0 0 0 0 0 0   ...  0 0 0 1.7932 -4.86699 0.380165 0.980228 0 0 0 
            0 0 0 0 0 0 0 0 0 0   ...  0 0 0 0.645142 0.380165 -4.08114 0.400041 1.74628 0.736085 0 
            0 0 0 0 0 0 0 0 0 0   ...  0 0 0 0 0.980228 0.400041 -4.18255 0 0 0 
            0 0 0 0 0 0 0 0 0 0   ...  0 1.74628 0 0 0 1.74628 0 -4.97545 0.741442 0 
            0 0 0 0 0 0 0 0 0 0   ...  0 -0.207156 0.545781 0 0 0.736085 0 0.741442 -3.75247 0.707577 
            0 0 0 0 0 0 0 0 0 0   ...  0 0 1.59704 0 0 0 0 0 0.707577 -4.40881 

b(psi_1) = 
 0 -4.00489 -4.04023 -4.12076 -4.30078 -4.12076 -1.51288 -1.51288 -3.84147 -3.69771  ...  5.43944 2.0869 3.65709 3.30513 5.43944 1.98531 3.65709 5.53244 1.90277 2.98928
A(psi_2) = 
            1 0 0 0 0 0 0 0 0 0   ...  0 0 0 0 0 0 0 0 0 0 
            0.683097 -3.3207 0.569091 0 0 0.483536 0 0 0 0   ...  0 0 0 0 0 0 0 0 0 0 
            0.693224 0.569091 -3.31461 0 0 0 0 0 0 0   ...  0 0 0 0 0 0 0 0 0 0 
            0.682098 0 0 -3.28831 0.480318 0.480445 0 0.682195 0 0   ...  0 0 0 0 0 0 0 0 0 0 
            0 0 0 0.480318 -3.28483 0.480357 0.681767 0.681658 0 0   ...  0 0 0 0 0 0 0 0 0 0 
            0.682232 0.483536 0 0.480445 0.480357 -3.28835 0.682172 0 0 0   ...  0 0 0 0 0 0 0 0 0 0 
            0 0 0 0 0.681767 0.682172 -3.41741 0 0 0   ...  0 0 0 0 0 0 0 0 0 0 
            0 0 0 0.682195 0.681658 0 0 -3.41747 0.685894 0   ...  0 0 0 0 0 0 0 0 0 0 
            0 0 0 0 0 0 0 0.685894 -3.29479 0.480389   ...  0 0 0 0 0 0 0 0 0 0 
            0 0 0 0 0 0 0 0 0.480389 -3.29543   ...  0 0 0 0 0 0 0 0 0 0 
              .
              .
              .
            0 0 0 0 0 0 0 0 0 0   ...  -4.85696 0.385595 0.984397 0 0 0 0 0 0 0 
            0 0 0 0 0 0 0 0 0 0   ...  0.385595 -4.06853 0.40013 0 0 0 0 1.75398 -0.21057 0 
            0 0 0 0 0 0 0 0 0 0   ...  0.984397 0.40013 -4.17467 0 0 0 0 0 0.548752 1.58902 
            0 0 0 0 0 0 0 0 0 0   ...  0 0 0 -4.24106 1.78522 0.640439 0 0 0 0 
            0 0 0 0 0 0 0 0 0 0   ...  0 0 0 1.78522 -4.85711 0.385611 0.985232 0 0 0 
            0 0 0 0 0 0 0 0 0 0   ...  0 0 0 0.640439 0.385611 -4.08069 0.400266 1.75362 0.731847 0 
            0 0 0 0 0 0 0 0 0 0   ...  0 0 0 0 0.985232 0.400266 -4.17615 0 0 0 
            0 0 0 0 0 0 0 0 0 0   ...  0 1.75398 0 0 0 1.75362 0 -4.99412 0.7426 0 
            0 0 0 0 0 0 0 0 0 0   ...  0 -0.21057 0.548752 0 0 0.731847 0 0.7426 -3.7446 0.707401 
            0 0 0 0 0 0 0 0 0 0   ...  0 0 1.58902 0 0 0 0 0 0.707401 -4.39879 

b(psi_2) = 
 0 -3.928 -4.04293 -3.9477 -4.09178 -3.94526 -1.36731 -1.37231 -3.7395 -3.64116  ...  5.3594 2.04866 3.63216 3.25298 5.3579 1.94712 3.6352 5.42305 1.85431 2.93102
A(psi_3) = 
            1 0 0 0 0 0 0 0 0 0   ...  0 0 0 0 0 0 0 0 0 0 
            0.682588 -3.32171 0.569086 0 0 0.48596 0 0 0 0   ...  0 0 0 0 0 0 0 0 0 0 
            0.70064 0.569086 -3.31102 0 0 0 0 0 0 0   ...  0 0 0 0 0 0 0 0 0 0 
            0.681132 0 0 -3.29149 0.48128 0.480872 0 0.682285 0 0   ...  0 0 0 0 0 0 0 0 0 0 
            0 0 0 0.48128 -3.28834 0.481361 0.681581 0.681366 0 0   ...  0 0 0 0 0 0 0 0 0 0 
            0.681391 0.48596 0 0.480872 0.481361 -3.29156 0.682226 0 0 0   ...  0 0 0 0 0 0 0 0 0 0 
            0 0 0 0 0.681581 0.682226 -3.42169 0 0 0   ...  0 0 0 0 0 0 0 0 0 0 
            0 0 0 0.682285 0.681366 0 0 -3.4218 0.688309 0   ...  0 0 0 0 0 0 0 0 0 0 
            0 0 0 0 0 0 0 0.688309 -3.29852 0.479409   ...  0 0 0 0 0 0 0 0 0 0 
            0 0 0 0 0 0 0 0 0.479409 -3.29629   ...  0 0 0 0 0 0 0 0 0 0 
              .
              .
              .
            0 0 0 0 0 0 0 0 0 0   ...  -4.84724 0.390904 0.988488 0 0 0 0 0 0 0 
            0 0 0 0 0 0 0 0 0 0   ...  0.390904 -4.06765 0.400288 0 0 0 0 1.76175 -0.214037 0 
            0 0 0 0 0 0 0 0 0 0   ...  0.988488 0.400288 -4.16705 0 0 0 0 0 0.551628 1.5812 
            0 0 0 0 0 0 0 0 0 0   ...  0 0 0 -4.24035 1.7774 0.635707 0 0 0 0 
            0 0 0 0 0 0 0 0 0 0   ...  0 0 0 1.7774 -4.84748 0.390931 0.990125 0 0 0 
            0 0 0 0 0 0 0 0 0 0   ...  0 0 0 0.635707 0.390931 -4.08015 0.400593 1.76107 0.727529 0 
            0 0 0 0 0 0 0 0 0 0   ...  0 0 0 0 0.990125 0.400593 -4.17002 0 0 0 
            0 0 0 0 0 0 0 0 0 0   ...  0 1.76175 0 0 0 1.76107 0 -5.0134 0.743997 0 
            0 0 0 0 0 0 0 0 0 0   ...  0 -0.214037 0.551628 0 0 0.727529 0 0.743997 -3.73668 0.707185 
            0 0 0 0 0 0 0 0 0 0   ...  0 0 1.5812 0 0 0 0 0 0.707185 -4.38922 

b(psi_3) = 
 0 -3.85138 -4.04275 -3.78153 -3.89326 -3.77698 -1.22852 -1.23797 -3.63909 -3.58403  ...  5.27985 2.01217 3.60715 3.20168 5.27706 1.91088 3.61317 5.30903 1.8067 2.87224
A(psi_4) = 
            1 0 0 0 0 0 0 0 0 0   ...  0 0 0 0 0 0 0 0 0 0 
            0.682123 -3.32291 0.569144 0 0 0.488355 0 0 0 0   ...  0 0 0 0 0 0 0 0 0 0 
            0.707932 0.569144 -3.30779 0 0 0 0 0 0 0   ...  0 0 0 0 0 0 0 0 0 0 
            0.680177 0 0 -3.2945 0.482181 0.481266 0 0.682356 0 0   ...  0 0 0 0 0 0 0 0 0 0 
            0 0 0 0.482181 -3.2916 0.482308 0.681387 0.681069 0 0   ...  0 0 0 0 0 0 0 0 0 0 
            0.68055 0.488355 0 0.481266 0.482308 -3.29459 0.682249 0 0 0   ...  0 0 0 0 0 0 0 0 0 0 
            0 0 0 0 0.681387 0.682249 -3.42577 0 0 0   ...  0 0 0 0 0 0 0 0 0 0 
            0 0 0 0.682356 0.681069 0 0 -3.42594 0.690652 0   ...  0 0 0 0 0 0 0 0 0 0 
            0 0 0 0 0 0 0 0.690652 -3.30225 0.47847   ...  0 0 0 0 0 0 0 0 0 0 
            0 0 0 0 0 0 0 0 0.47847 -3.29735   ...  0 0 0 0 0 0 0 0 0 0 
              .
              .
              .
            0 0 0 0 0 0 0 0 0 0   ...  -4.83773 0.396074 0.992491 0 0 0 0 0 0 0 
            0 0 0 0 0 0 0 0 0 0   ...  0.396074 -4.06671 0.400521 0 0 0 0 1.76954 -0.217531 0 
            0 0 0 0 0 0 0 0 0 0   ...  0.992491 0.400521 -4.15972 0 0 0 0 0 0.554411 1.57361 
            0 0 0 0 0 0 0 0 0 0   ...  0 0 0 -4.23971 1.76974 0.630957 0 0 0 0 
            0 0 0 0 0 0 0 0 0 0   ...  0 0 0 1.76974 -4.838 0.396104 0.994897 0 0 0 
            0 0 0 0 0 0 0 0 0 0   ...  0 0 0 0.630957 0.396104 -4.07948 0.401029 1.76858 0.723148 0 
            0 0 0 0 0 0 0 0 0 0   ...  0 0 0 0 0.994897 0.401029 -4.16418 0 0 0 
            0 0 0 0 0 0 0 0 0 0   ...  0 1.76954 0 0 0 1.76858 0 -5.03308 0.745597 0 
            0 0 0 0 0 0 0 0 0 0   ...  0 -0.217531 0.554411 0 0 0.723148 0 0.745597 -3.72874 0.706922 
            0 0 0 0 0 0 0 0 0 0   ...  0 0 1.57361 0 0 0 0 0 0.706922 -4.38012 

b(psi_4) = 
 0 -3.77518 -4.03988 -3.62198 -3.70458 -3.61558 -1.09619 -1.10959 -3.54028 -3.52648  ...  5.20108 1.97747 3.58191 3.15113 5.19723 1.87668 3.5908 5.19111 1.75988 2.81293
A(psi_5) = 
            1 0 0 0 0 0 0 0 0 0   ...  0 0 0 0 0 0 0 0 0 0 
            0.681696 -3.3243 0.569261 0 0 0.490723 0 0 0 0   ...  0 0 0 0 0 0 0 0 0 0 
            0.715105 0.569261 -3.30491 0 0 0 0 0 0 0   ...  0 0 0 0 0 0 0 0 0 0 
            0.679229 0 0 -3.29736 0.483025 0.48163 0 0.682412 0 0   ...  0 0 0 0 0 0 0 0 0 0 
            0 0 0 0.483025 -3.29464 0.4832 0.681186 0.680768 0 0   ...  0 0 0 0 0 0 0 0 0 0 
            0.679706 0.490723 0 0.48163 0.4832 -3.29746 0.682245 0 0 0   ...  0 0 0 0 0 0 0 0 0 0 
            0 0 0 0 0.681186 0.682245 -3.42966 0 0 0   ...  0 0 0 0 0 0 0 0 0 0 
            0 0 0 0.682412 0.680768 0 0 -3.4299 0.692924 0   ...  0 0 0 0 0 0 0 0 0 0 
            0 0 0 0 0 0 0 0.692924 -3.30597 0.477568   ...  0 0 0 0 0 0 0 0 0 0 
            0 0 0 0 0 0 0 0 0.477568 -3.2986   ...  0 0 0 0 0 0 0 0 0 0 
              .
              .
              .
            0 0 0 0 0 0 0 0 0 0   ...  -4.82836 0.401085 0.996396 0 0 0 0 0 0 0 
            0 0 0 0 0 0 0 0 0 0   ...  0.401085 -4.06568 0.400835 0 0 0 0 1.77728 -0.221021 0 
            0 0 0 0 0 0 0 0 0 0   ...  0.996396 0.400835 -4.15269 0 0 0 0 0 0.557108 1.56624 
            0 0 0 0 0 0 0 0 0 0   ...  0 0 0 -4.23916 1.76223 0.626197 0 0 0 0 
            0 0 0 0 0 0 0 0 0 0   ...  0 0 0 1.76223 -4.8286 0.401109 0.99954 0 0 0 
            0 0 0 0 0 0 0 0 0 0   ...  0 0 0 0.626197 0.401109 -4.07864 0.401578 1.77605 0.718722 0 
            0 0 0 0 0 0 0 0 0 0   ...  0 0 0 0 0.99954 0.401578 -4.15863 0 0 0 
            0 0 0 0 0 0 0 0 0 0   ...  0 1.77728 0 0 0 1.77605 0 -5.05291 0.747362 0 
            0 0 0 0 0 0 0 0 0 0   ...  0 -0.221021 0.557108 0 0 0.718722 0 0.747362 -3.72078 0.706606 
            0 0 0 0 0 0 0 0 0 0   ...  0 0 1.56624 0 0 0 0 0 0.706606 -4.37146 

b(psi_5) = 
 0 -3.69952 -4.03451 -3.46876 -3.52514 -3.46076 -0.969988 -0.98689 -3.44312 -3.46862  ...  5.1234 1.94463 3.55627 3.10126 5.11873 1.84459 3.5679 5.07016 1.71378 2.75308
A(psi_6) = 
            1 0 0 0 0 0 0 0 0 0   ...  0 0 0 0 0 0 0 0 0 0 
            0.681304 -3.32584 0.569434 0 0 0.493067 0 0 0 0   ...  0 0 0 0 0 0 0 0 0 0 
            0.722166 0.569434 -3.30236 0 0 0 0 0 0 0   ...  0 0 0 0 0 0 0 0 0 0 
            0.678285 0 0 -3.30007 0.483814 0.481966 0 0.682454 0 0   ...  0 0 0 0 0 0 0 0 0 0 
            0 0 0 0.483814 -3.29746 0.484042 0.680983 0.680468 0 0   ...  0 0 0 0 0 0 0 0 0 0 
            0.678856 0.493067 0 0.481966 0.484042 -3.30018 0.682215 0 0 0   ...  0 0 0 0 0 0 0 0 0 0 
            0 0 0 0 0.680983 0.682215 -3.43337 0 0 0   ...  0 0 0 0 0 0 0 0 0 0 
            0 0 0 0.682454 0.680468 0 0 -3.43367 0.695126 0   ...  0 0 0 0 0 0 0 0 0 0 
            0 0 0 0 0 0 0 0.695126 -3.30968 0.476698   ...  0 0 0 0 0 0 0 0 0 0 
            0 0 0 0 0 0 0 0 0.476698 -3.30002   ...  0 0 0 0 0 0 0 0 0 0 
              .
              .
              .
            0 0 0 0 0 0 0 0 0 0   ...  -4.81904 0.405919 1.0002 0 0 0 0 0 0 0 
            0 0 0 0 0 0 0 0 0 0   ...  0.405919 -4.06451 0.401233 0 0 0 0 1.78488 -0.224473 0 
            0 0 0 0 0 0 0 0 0 0   ...  1.0002 0.401233 -4.14595 0 0 0 0 0 0.559722 1.55909 
            0 0 0 0 0 0 0 0 0 0   ...  0 0 0 -4.23871 1.75485 0.621435 0 0 0 0 
            0 0 0 0 0 0 0 0 0 0   ...  0 0 0 1.75485 -4.8192 0.405929 1.00405 0 0 0 
            0 0 0 0 0 0 0 0 0 0   ...  0 0 0 0.621435 0.405929 -4.07756 0.402246 1.78341 0.714271 0 
            0 0 0 0 0 0 0 0 0 0   ...  0 0 0 0 1.00405 0.402246 -4.1534 0 0 0 
            0 0 0 0 0 0 0 0 0 0   ...  0 1.78488 0 0 0 1.78341 0 -5.07262 0.749246 0 
            0 0 0 0 0 0 0 0 0 0   ...  0 -0.224473 0.559722 0 0 0.714271 0 0.749246 -3.7128 0.706232 
            0 0 0 0 0 0 0 0 0 0   ...  0 0 1.55909 0 0 0 0 0 0.706232 -4.36325 

b(psi_6) = 
 0 -3.62451 -4.02682 -3.32165 -3.35442 -3.31227 -0.849639 -0.869645 -3.34768 -3.4106  ...  5.04709 1.9137 3.5301 3.05198 5.04185 1.81468 3.54428 4.94728 1.66832 2.69267
A(psi_7) = 
            1 0 0 0 0 0 0 0 0 0   ...  0 0 0 0 0 0 0 0 0 0 
            0.68094 -3.32753 0.56966 0 0 0.495389 0 0 0 0   ...  0 0 0 0 0 0 0 0 0 0 
            0.729119 0.56966 -3.30014 0 0 0 0 0 0 0   ...  0 0 0 0 0 0 0 0 0 0 
            0.677344 0 0 -3.30263 0.484553 0.482277 0 0.682484 0 0   ...  0 0 0 0 0 0 0 0 0 0 
            0 0 0 0.484553 -3.30008 0.484836 0.680779 0.680169 0 0   ...  0 0 0 0 0 0 0 0 0 0 
            0.678 0.495389 0 0.482277 0.484836 -3.30274 0.682162 0 0 0   ...  0 0 0 0 0 0 0 0 0 0 
            0 0 0 0 0.680779 0.682162 -3.4369 0 0 0   ...  0 0 0 0 0 0 0 0 0 0 
            0 0 0 0.682484 0.680169 0 0 -3.43727 0.697259 0   ...  0 0 0 0 0 0 0 0 0 0 
            0 0 0 0 0 0 0 0.697259 -3.31335 0.475854   ...  0 0 0 0 0 0 0 0 0 0 
            0 0 0 0 0 0 0 0 0.475854 -3.30159   ...  0 0 0 0 0 0 0 0 0 0 
              .
              .
              .
            0 0 0 0 0 0 0 0 0 0   ...  -4.80971 0.41056 1.00389 0 0 0 0 0 0 0 
            0 0 0 0 0 0 0 0 0 0   ...  0.41056 -4.06315 0.40172 0 0 0 0 1.79225 -0.22785 0 
            0 0 0 0 0 0 0 0 0 0   ...  1.00389 0.40172 -4.13954 0 0 0 0 0 0.562257 1.55218 
            0 0 0 0 0 0 0 0 0 0   ...  0 0 0 -4.23837 1.7476 0.616679 0 0 0 0 
            0 0 0 0 0 0 0 0 0 0   ...  0 0 0 1.7476 -4.80974 0.410542 1.00841 0 0 0 
            0 0 0 0 0 0 0 0 0 0   ...  0 0 0 0.616679 0.410542 -4.07621 0.403035 1.79053 0.709816 0 
            0 0 0 0 0 0 0 0 0 0   ...  0 0 0 0 1.00841 0.403035 -4.1485 0 0 0 
            0 0 0 0 0 0 0 0 0 0   ...  0 1.79225 0 0 0 1.79053 0 -5.09191 0.751202 0 
            0 0 0 0 0 0 0 0 0 0   ...  0 -0.22785 0.562257 0 0 0.709816 0 0.751202 -3.70483 0.705794 
            0 0 0 0 0 0 0 0 0 0   ...  0 0 1.55218 0 0 0 0 0 0.705794 -4.35548 

b(psi_7) = 
 0 -3.55027 -4.01698 -3.18041 -3.19194 -3.16982 -0.734872 -0.757625 -3.25398 -3.35253  ...  4.97245 1.88471 3.50323 3.0032 4.96689 1.787 3.51975 4.82372 1.6234 2.63172
A(psi_8) = 
            1 0 0 0 0 0 0 0 0 0   ...  0 0 0 0 0 0 0 0 0 0 
            0.680599 -3.32934 0.569936 0 0 0.497689 0 0 0 0   ...  0 0 0 0 0 0 0 0 0 0 
            0.735969 0.569936 -3.29822 0 0 0 0 0 0 0   ...  0 0 0 0 0 0 0 0 0 0 
            0.676404 0 0 -3.30507 0.485243 0.482566 0 0.682507 0 0   ...  0 0 0 0 0 0 0 0 0 0 
            0 0 0 0.485243 -3.30253 0.485586 0.680577 0.679875 0 0   ...  0 0 0 0 0 0 0 0 0 0 
            0.677134 0.497689 0 0.482566 0.485586 -3.30516 0.682089 0 0 0   ...  0 0 0 0 0 0 0 0 0 0 
            0 0 0 0 0.680577 0.682089 -3.44027 0 0 0   ...  0 0 0 0 0 0 0 0 0 0 
            0 0 0 0.682507 0.679875 0 0 -3.44071 0.699323 0   ...  0 0 0 0 0 0 0 0 0 0 
            0 0 0 0 0 0 0 0.699323 -3.317 0.475033   ...  0 0 0 0 0 0 0 0 0 0 
            0 0 0 0 0 0 0 0 0.475033 -3.30329   ...  0 0 0 0 0 0 0 0 0 0 
              .
              .
              .
            0 0 0 0 0 0 0 0 0 0   ...  -4.80032 0.41499 1.00747 0 0 0 0 0 0 0 
            0 0 0 0 0 0 0 0 0 0   ...  0.41499 -4.06157 0.402297 0 0 0 0 1.79931 -0.231115 0 
            0 0 0 0 0 0 0 0 0 0   ...  1.00747 0.402297 -4.13345 0 0 0 0 0 0.564719 1.5455 
            0 0 0 0 0 0 0 0 0 0   ...  0 0 0 -4.23815 1.74048 0.611936 0 0 0 0 
            0 0 0 0 0 0 0 0 0 0   ...  0 0 0 1.74048 -4.8002 0.414931 1.01264 0 0 0 
            0 0 0 0 0 0 0 0 0 0   ...  0 0 0 0.611936 0.414931 -4.07451 0.403946 1.79733 0.70538 0 
            0 0 0 0 0 0 0 0 0 0   ...  0 0 0 0 1.01264 0.403946 -4.14396 0 0 0 
            0 0 0 0 0 0 0 0 0 0   ...  0 1.79931 0 0 0 1.79733 0 -5.11045 0.753179 0 
            0 0 0 0 0 0 0 0 0 0   ...  0 -0.231115 0.564719 0 0 0.70538 0 0.753179 -3.69687 0.705289 
            0 0 0 0 0 0 0 0 0 0   ...  0 0 1.5455 0 0 0 0 0 0.705289 -4.34813 

b(psi_8) = 
 0 -3.47689 -4.00516 -3.04483 -3.03724 -3.0332 -0.625441 -0.650625 -3.16209 -3.29453  ...  4.89971 1.85767 3.47551 2.95482 4.89405 1.76156 3.49411 4.70088 1.57891 2.57023
A(psi_9) = 
            1 0 0 0 0 0 0 0 0 0   ...  0 0 0 0 0 0 0 0 0 0 
            0.680278 -3.33126 0.570257 0 0 0.499969 0 0 0 0   ...  0 0 0 0 0 0 0 0 0 0 
            0.742722 0.570257 -3.29659 0 0 0 0 0 0 0   ...  0 0 0 0 0 0 0 0 0 0 
            0.675464 0 0 -3.30737 0.485888 0.482834 0 0.682522 0 0   ...  0 0 0 0 0 0 0 0 0 0 
            0 0 0 0.485888 -3.30481 0.486293 0.680379 0.679586 0 0   ...  0 0 0 0 0 0 0 0 0 0 
            0.676258 0.499969 0 0.482834 0.486293 -3.30745 0.681996 0 0 0   ...  0 0 0 0 0 0 0 0 0 0 
            0 0 0 0 0.680379 0.681996 -3.44349 0 0 0   ...  0 0 0 0 0 0 0 0 0 0 
            0 0 0 0.682522 0.679586 0 0 -3.444 0.701319 0   ...  0 0 0 0 0 0 0 0 0 0 
            0 0 0 0 0 0 0 0.701319 -3.32059 0.474231   ...  0 0 0 0 0 0 0 0 0 0 
            0 0 0 0 0 0 0 0 0.474231 -3.3051   ...  0 0 0 0 0 0 0 0 0 0 
              .
              .
              .
            0 0 0 0 0 0 0 0 0 0   ...  -4.79081 0.419192 1.01095 0 0 0 0 0 0 0 
            0 0 0 0 0 0 0 0 0 0   ...  0.419192 -4.0597 0.402968 0 0 0 0 1.80596 -0.234227 0 
            0 0 0 0 0 0 0 0 0 0   ...  1.01095 0.402968 -4.12772 0 0 0 0 0 0.567112 1.53906 
            0 0 0 0 0 0 0 0 0 0   ...  0 0 0 -4.23808 1.7335 0.607214 0 0 0 0 
            0 0 0 0 0 0 0 0 0 0   ...  0 0 0 1.7335 -4.79052 0.419077 1.01672 0 0 0 
            0 0 0 0 0 0 0 0 0 0   ...  0 0 0 0.607214 0.419077 -4.0724 0.404982 1.80367 0.700984 0 
            0 0 0 0 0 0 0 0 0 0   ...  0 0 0 0 1.01672 0.404982 -4.13979 0 0 0 
            0 0 0 0 0 0 0 0 0 0   ...  0 1.80596 0 0 0 1.80367 0 -5.12792 0.755125 0 
            0 0 0 0 0 0 0 0 0 0   ...  0 -0.234227 0.567112 0 0 0.700984 0 0.755125 -3.68894 0.704713 
            0 0 0 0 0 0 0 0 0 0   ...  0 0 1.53906 0 0 0 0 0 0.704713 -4.34121 

b(psi_9) = 
 0 -3.40445 -3.99151 -2.91472 -2.88991 -2.90218 -0.521112 -0.548445 -3.07204 -3.23668  ...  4.82907 1.83254 3.44679 2.90675 4.82355 1.73834 3.46718 4.58027 1.53472 2.50823
A(psi_10) = 
             1 0 0 0 0 0 0 0 0 0   ...  0 0 0 0 0 0 0 0 0 0 
             0.679973 -3.33328 0.570622 0 0 0.50223 0 0 0 0   ...  0 0 0 0 0 0 0 0 0 0 
             0.749383 0.570622 -3.29525 0 0 0 0 0 0 0   ...  0 0 0 0 0 0 0 0 0 0 
             0.674522 0 0 -3.30955 0.486489 0.483084 0 0.682532 0 0   ...  0 0 0 0 0 0 0 0 0 0 
             0 0 0 0.486489 -3.30694 0.48696 0.680185 0.679305 0 0   ...  0 0 0 0 0 0 0 0 0 0 
             0.675371 0.50223 0 0.483084 0.48696 -3.30961 0.681887 0 0 0   ...  0 0 0 0 0 0 0 0 0 0 
             0 0 0 0 0.680185 0.681887 -3.44657 0 0 0   ...  0 0 0 0 0 0 0 0 0 0 
             0 0 0 0.682532 0.679305 0 0 -3.44714 0.703249 0   ...  0 0 0 0 0 0 0 0 0 0 
             0 0 0 0 0 0 0 0.703249 -3.32414 0.473444   ...  0 0 0 0 0 0 0 0 0 0 
             0 0 0 0 0 0 0 0 0.473444 -3.30701   ...  0 0 0 0 0 0 0 0 0 0 
               .
               .
               .
             0 0 0 0 0 0 0 0 0 0   ...  -4.78117 0.423154 1.0143 0 0 0 0 0 0 0 
             0 0 0 0 0 0 0 0 0 0   ...  0.423154 -4.0575 0.403731 0 0 0 0 1.8121 -0.237148 0 
             0 0 0 0 0 0 0 0 0 0   ...  1.0143 0.403731 -4.12234 0 0 0 0 0 0.569441 1.53287 
             0 0 0 0 0 0 0 0 0 0   ...  0 0 0 -4.23817 1.72665 0.602518 0 0 0 0 
             0 0 0 0 0 0 0 0 0 0   ...  0 0 0 1.72665 -4.7807 0.422966 1.02066 0 0 0 
             0 0 0 0 0 0 0 0 0 0   ...  0 0 0 0.602518 0.422966 -4.06983 0.406141 1.80946 0.696651 0 
             0 0 0 0 0 0 0 0 0 0   ...  0 0 0 0 1.02066 0.406141 -4.13602 0 0 0 
             0 0 0 0 0 0 0 0 0 0   ...  0 1.8121 0 0 0 1.80946 0 -5.14397 0.756987 0 
             0 0 0 0 0 0 0 0 0 0   ...  0 -0.237148 0.569441 0 0 0.696651 0 0.756987 -3.68106 0.704062 
             0 0 0 0 0 0 0 0 0 0   ...  0 0 1.53287 0 0 0 0 0 0.704062 -4.3347 

b(psi_10) = 
 0 -3.33302 -3.97619 -2.78986 -2.74957 -2.77654 -0.421667 -0.450897 -2.98385 -3.17909  ...  4.76072 1.80928 3.41693 2.85889 4.75553 1.7173 3.43874 4.46349 1.4907 2.44574
A(psi_11) = 
             1 0 0 0 0 0 0 0 0 0   ...  0 0 0 0 0 0 0 0 0 0 
             0.67968 -3.33538 0.571025 0 0 0.504473 0 0 0 0   ...  0 0 0 0 0 0 0 0 0 0 
             0.755957 0.571025 -3.29417 0 0 0 0 0 0 0   ...  0 0 0 0 0 0 0 0 0 0 
             0.673578 0 0 -3.31161 0.48705 0.483318 0 0.68254 0 0   ...  0 0 0 0 0 0 0 0 0 0 
             0 0 0 0.48705 -3.30892 0.487589 0.679998 0.679032 0 0   ...  0 0 0 0 0 0 0 0 0 0 
             0.674472 0.504473 0 0.483318 0.487589 -3.31165 0.681763 0 0 0   ...  0 0 0 0 0 0 0 0 0 0 
             0 0 0 0 0.679998 0.681763 -3.4495 0 0 0   ...  0 0 0 0 0 0 0 0 0 0 
             0 0 0 0.68254 0.679032 0 0 -3.45015 0.705114 0   ...  0 0 0 0 0 0 0 0 0 0 
             0 0 0 0 0 0 0 0.705114 -3.32763 0.472669   ...  0 0 0 0 0 0 0 0 0 0 
             0 0 0 0 0 0 0 0 0.472669 -3.30901   ...  0 0 0 0 0 0 0 0 0 0 
               .
               .
               .
             0 0 0 0 0 0 0 0 0 0   ...  -4.77138 0.426864 1.01756 0 0 0 0 0 0 0 
             0 0 0 0 0 0 0 0 0 0   ...  0.426864 -4.05491 0.404586 0 0 0 0 1.81764 -0.23984 0 
             0 0 0 0 0 0 0 0 0 0   ...  1.01756 0.404586 -4.11734 0 0 0 0 0 0.571711 1.52693 
             0 0 0 0 0 0 0 0 0 0   ...  0 0 0 -4.23843 1.71995 0.597854 0 0 0 0 
             0 0 0 0 0 0 0 0 0 0   ...  0 0 0 1.71995 -4.77074 0.426586 1.02447 0 0 0 
             0 0 0 0 0 0 0 0 0 0   ...  0 0 0 0.597854 0.426586 -4.06671 0.407419 1.81457 0.692399 0 
             0 0 0 0 0 0 0 0 0 0   ...  0 0 0 0 1.02447 0.407419 -4.13266 0 0 0 
             0 0 0 0 0 0 0 0 0 0   ...  0 1.81764 0 0 0 1.81457 0 -5.1583 0.758715 0 
             0 0 0 0 0 0 0 0 0 0   ...  0 -0.23984 0.571711 0 0 0.692399 0 0.758715 -3.67323 0.703334 
             0 0 0 0 0 0 0 0 0 0   ...  0 0 1.52693 0 0 0 0 0 0.703334 -4.32859 

b(psi_11) = 
 0 -3.26267 -3.95932 -2.67009 -2.61585 -2.65609 -0.326893 -0.357802 -2.89755 -3.12182  ...  4.69477 1.7878 3.38578 2.81114 4.69007 1.69835 3.40864 4.35211 1.4467 2.38279
A(psi_12) = 
             1 0 0 0 0 0 0 0 0 0   ...  0 0 0 0 0 0 0 0 0 0 
             0.679397 -3.33755 0.571465 0 0 0.506699 0 0 0 0   ...  0 0 0 0 0 0 0 0 0 0 
             0.762451 0.571465 -3.29335 0 0 0 0 0 0 0   ...  0 0 0 0 0 0 0 0 0 0 
             0.672631 0 0 -3.31357 0.487572 0.483538 0 0.682547 0 0   ...  0 0 0 0 0 0 0 0 0 0 
             0 0 0 0.487572 -3.31078 0.488182 0.679819 0.678768 0 0   ...  0 0 0 0 0 0 0 0 0 0 
             0.673559 0.506699 0 0.483538 0.488182 -3.31358 0.681627 0 0 0   ...  0 0 0 0 0 0 0 0 0 0 
             0 0 0 0 0.679819 0.681627 -3.45231 0 0 0   ...  0 0 0 0 0 0 0 0 0 0 
             0 0 0 0.682547 0.678768 0 0 -3.45302 0.706914 0   ...  0 0 0 0 0 0 0 0 0 0 
             0 0 0 0 0 0 0 0.706914 -3.33106 0.471904   ...  0 0 0 0 0 0 0 0 0 0 
             0 0 0 0 0 0 0 0 0.471904 -3.31108   ...  0 0 0 0 0 0 0 0 0 0 
               .
               .
               .
             0 0 0 0 0 0 0 0 0 0   ...  -4.76142 0.430313 1.0207 0 0 0 0 0 0 0 
             0 0 0 0 0 0 0 0 0 0   ...  0.430313 -4.05189 0.405531 0 0 0 0 1.82247 -0.24227 0 
             0 0 0 0 0 0 0 0 0 0   ...  1.0207 0.405531 -4.11272 0 0 0 0 0 0.573925 1.52125 
             0 0 0 0 0 0 0 0 0 0   ...  0 0 0 -4.23888 1.71341 0.593227 0 0 0 0 
             0 0 0 0 0 0 0 0 0 0   ...  0 0 0 1.71341 -4.76063 0.429925 1.02816 0 0 0 
             0 0 0 0 0 0 0 0 0 0   ...  0 0 0 0.593227 0.429925 -4.063 0.408814 1.8189 0.688249 0 
             0 0 0 0 0 0 0 0 0 0   ...  0 0 0 0 1.02816 0.408814 -4.12973 0 0 0 
             0 0 0 0 0 0 0 0 0 0   ...  0 1.82247 0 0 0 1.8189 0 -5.17059 0.760261 0 
             0 0 0 0 0 0 0 0 0 0   ...  0 -0.24227 0.573925 0 0 0.688249 0 0.760261 -3.66548 0.702529 
             0 0 0 0 0 0 0 0 0 0   ...  0 0 1.52125 0 0 0 0 0 0.702529 -4.32288 

b(psi_12) = 
 0 -3.19344 -3.94102 -2.55522 -2.48842 -2.54061 -0.236593 -0.268984 -2.81314 -3.06496  ...  4.63128 1.76797 3.35323 2.76342 4.62722 1.68135 3.3767 4.24768 1.40256 2.31944
A(psi_13) = 
             1 0 0 0 0 0 0 0 0 0   ...  0 0 0 0 0 0 0 0 0 0 
             0.679119 -3.33977 0.571938 0 0 0.508908 0 0 0 0   ...  0 0 0 0 0 0 0 0 0 0 
             0.768868 0.571938 -3.29277 0 0 0 0 0 0 0   ...  0 0 0 0 0 0 0 0 0 0 
             0.67168 0 0 -3.31543 0.488058 0.483745 0 0.682554 0 0   ...  0 0 0 0 0 0 0 0 0 0 
             0 0 0 0.488058 -3.31251 0.488742 0.679649 0.678515 0 0   ...  0 0 0 0 0 0 0 0 0 0 
             0.672633 0.508908 0 0.483745 0.488742 -3.3154 0.681479 0 0 0   ...  0 0 0 0 0 0 0 0 0 0 
             0 0 0 0 0.679649 0.681479 -3.45499 0 0 0   ...  0 0 0 0 0 0 0 0 0 0 
             0 0 0 0.682554 0.678515 0 0 -3.45576 0.70865 0   ...  0 0 0 0 0 0 0 0 0 0 
             0 0 0 0 0 0 0 0.70865 -3.33443 0.471145   ...  0 0 0 0 0 0 0 0 0 0 
             0 0 0 0 0 0 0 0 0.471145 -3.31321   ...  0 0 0 0 0 0 0 0 0 0 
               .
               .
               .
             0 0 0 0 0 0 0 0 0 0   ...  -4.75132 0.433493 1.02376 0 0 0 0 0 0 0 
             0 0 0 0 0 0 0 0 0 0   ...  0.433493 -4.04837 0.406563 0 0 0 0 1.82654 -0.244406 0 
             0 0 0 0 0 0 0 0 0 0   ...  1.02376 0.406563 -4.1085 0 0 0 0 0 0.576088 1.51584 
             0 0 0 0 0 0 0 0 0 0   ...  0 0 0 -4.23954 1.70705 0.58864 0 0 0 0 
             0 0 0 0 0 0 0 0 0 0   ...  0 0 0 1.70705 -4.75041 0.432976 1.03172 0 0 0 
             0 0 0 0 0 0 0 0 0 0   ...  0 0 0 0.58864 0.432976 -4.05864 0.410321 1.82235 0.684218 0 
             0 0 0 0 0 0 0 0 0 0   ...  0 0 0 0 1.03172 0.410321 -4.12725 0 0 0 
             0 0 0 0 0 0 0 0 0 0   ...  0 1.82654 0 0 0 1.82235 0 -5.18057 0.761583 0 
             0 0 0 0 0 0 0 0 0 0   ...  0 -0.244406 0.576088 0 0 0.684218 0 0.761583 -3.65782 0.701645 
             0 0 0 0 0 0 0 0 0 0   ...  0 0 1.51584 0 0 0 0 0 0.701645 -4.31756 

b(psi_13) = 
 0 -3.12537 -3.92143 -2.44507 -2.36695 -2.42991 -0.150568 -0.184271 -2.73064 -3.00854  ...  4.57028 1.74962 3.31915 2.71566 4.56695 1.66612 3.34278 4.15161 1.35812 2.25572
A(psi_14) = 
             1 0 0 0 0 0 0 0 0 0   ...  0 0 0 0 0 0 0 0 0 0 
             0.678846 -3.34204 0.57244 0 0 0.5111 0 0 0 0   ...  0 0 0 0 0 0 0 0 0 0 
             0.775213 0.57244 -3.29242 0 0 0 0 0 0 0   ...  0 0 0 0 0 0 0 0 0 0 
             0.670725 0 0 -3.31718 0.488509 0.483942 0 0.682563 0 0   ...  0 0 0 0 0 0 0 0 0 0 
             0 0 0 0.488509 -3.31413 0.48927 0.679487 0.678274 0 0   ...  0 0 0 0 0 0 0 0 0 0 
             0.671692 0.5111 0 0.483942 0.48927 -3.31712 0.681321 0 0 0   ...  0 0 0 0 0 0 0 0 0 0 
             0 0 0 0 0.679487 0.681321 -3.45756 0 0 0   ...  0 0 0 0 0 0 0 0 0 0 
             0 0 0 0.682563 0.678274 0 0 -3.45839 0.710324 0   ...  0 0 0 0 0 0 0 0 0 0 
             0 0 0 0 0 0 0 0.710324 -3.33772 0.47039   ...  0 0 0 0 0 0 0 0 0 0 
             0 0 0 0 0 0 0 0 0.47039 -3.31539   ...  0 0 0 0 0 0 0 0 0 0 
               .
               .
               .
             0 0 0 0 0 0 0 0 0 0   ...  -4.74109 0.436402 1.02672 0 0 0 0 0 0 0 
             0 0 0 0 0 0 0 0 0 0   ...  0.436402 -4.04434 0.407676 0 0 0 0 1.82976 -0.246224 0 
             0 0 0 0 0 0 0 0 0 0   ...  1.02672 0.407676 -4.10468 0 0 0 0 0 0.578205 1.51068 
             0 0 0 0 0 0 0 0 0 0   ...  0 0 0 -4.24042 1.70089 0.584095 0 0 0 0 
             0 0 0 0 0 0 0 0 0 0   ...  0 0 0 1.70089 -4.74009 0.435735 1.03518 0 0 0 
             0 0 0 0 0 0 0 0 0 0   ...  0 0 0 0.584095 0.435735 -4.05359 0.411931 1.82485 0.68032 0 
             0 0 0 0 0 0 0 0 0 0   ...  0 0 0 0 1.03518 0.411931 -4.12523 0 0 0 
             0 0 0 0 0 0 0 0 0 0   ...  0 1.82976 0 0 0 1.82485 0 -5.18801 0.762645 0 
             0 0 0 0 0 0 0 0 0 0   ...  0 -0.246224 0.578205 0 0 0.68032 0 0.762645 -3.65027 0.700682 
             0 0 0 0 0 0 0 0 0 0   ...  0 0 1.51068 0 0 0 0 0 0.700682 -4.31261 

b(psi_14) = 
 0 -3.05847 -3.90062 -2.33944 -2.25113 -2.3238 -0.0686273 -0.103496 -2.65001 -2.9526  ...  4.51172 1.73256 3.28344 2.66776 4.50921 1.65244 3.30673 4.06515 1.31323 2.19169
A(psi_15) = 
             1 0 0 0 0 0 0 0 0 0   ...  0 0 0 0 0 0 0 0 0 0 
             0.678574 -3.34435 0.572969 0 0 0.513275 0 0 0 0   ...  0 0 0 0 0 0 0 0 0 0 
             0.781492 0.572969 -3.2923 0 0 0 0 0 0 0   ...  0 0 0 0 0 0 0 0 0 0 
             0.669766 0 0 -3.31885 0.488927 0.484131 0 0.682576 0 0   ...  0 0 0 0 0 0 0 0 0 0 
             0 0 0 0.488927 -3.31564 0.489768 0.679336 0.678044 0 0   ...  0 0 0 0 0 0 0 0 0 0 
             0.670738 0.513275 0 0.484131 0.489768 -3.31875 0.681154 0 0 0   ...  0 0 0 0 0 0 0 0 0 0 
             0 0 0 0 0.679336 0.681154 -3.46001 0 0 0   ...  0 0 0 0 0 0 0 0 0 0 
             0 0 0 0.682576 0.678044 0 0 -3.46091 0.711936 0   ...  0 0 0 0 0 0 0 0 0 0 
             0 0 0 0 0 0 0 0.711936 -3.34095 0.469638   ...  0 0 0 0 0 0 0 0 0 0 
             0 0 0 0 0 0 0 0 0.469638 -3.31761   ...  0 0 0 0 0 0 0 0 0 0 
               .
               .
               .
             0 0 0 0 0 0 0 0 0 0   ...  -4.73075 0.439037 1.02961 0 0 0 0 0 0 0 
             0 0 0 0 0 0 0 0 0 0   ...  0.439037 -4.03975 0.408866 0 0 0 0 1.83208 -0.247703 0 
             0 0 0 0 0 0 0 0 0 0   ...  1.02961 0.408866 -4.10129 0 0 0 0 0 0.580279 1.5058 
             0 0 0 0 0 0 0 0 0 0   ...  0 0 0 -4.24153 1.69493 0.579596 0 0 0 0 
             0 0 0 0 0 0 0 0 0 0   ...  0 0 0 1.69493 -4.72972 0.438201 1.03855 0 0 0 
             0 0 0 0 0 0 0 0 0 0   ...  0 0 0 0.579596 0.438201 -4.0478 0.413639 1.82633 0.676567 0 
             0 0 0 0 0 0 0 0 0 0   ...  0 0 0 0 1.03855 0.413639 -4.12367 0 0 0 
             0 0 0 0 0 0 0 0 0 0   ...  0 1.83208 0 0 0 1.82633 0 -5.19274 0.763418 0 
             0 0 0 0 0 0 0 0 0 0   ...  0 -0.247703 0.580279 0 0 0.676567 0 0.763418 -3.64284 0.699642 
             0 0 0 0 0 0 0 0 0 0   ...  0 0 1.5058 0 0 0 0 0 0.699642 -4.30803 

b(psi_15) = 
 0 -2.99274 -3.87867 -2.23816 -2.14066 -2.22209 0.00941711 -0.0264868 -2.57126 -2.89717  ...  4.45554 1.71654 3.24604 2.61966 4.45387 1.64003 3.26844 3.98927 1.26773 2.12743
A(psi_16) = 
             1 0 0 0 0 0 0 0 0 0   ...  0 0 0 0 0 0 0 0 0 0 
             0.678302 -3.34668 0.573522 0 0 0.515435 0 0 0 0   ...  0 0 0 0 0 0 0 0 0 0 
             0.787708 0.573522 -3.29239 0 0 0 0 0 0 0   ...  0 0 0 0 0 0 0 0 0 0 
             0.668803 0 0 -3.32043 0.489314 0.484311 0 0.682593 0 0   ...  0 0 0 0 0 0 0 0 0 0 
             0 0 0 0.489314 -3.31706 0.490237 0.679196 0.677827 0 0   ...  0 0 0 0 0 0 0 0 0 0 
             0.669769 0.515435 0 0.484311 0.490237 -3.32029 0.68098 0 0 0   ...  0 0 0 0 0 0 0 0 0 0 
             0 0 0 0 0.679196 0.68098 -3.46236 0 0 0   ...  0 0 0 0 0 0 0 0 0 0 
             0 0 0 0.682593 0.677827 0 0 -3.46331 0.713488 0   ...  0 0 0 0 0 0 0 0 0 0 
             0 0 0 0 0 0 0 0.713488 -3.34411 0.468885   ...  0 0 0 0 0 0 0 0 0 0 
             0 0 0 0 0 0 0 0 0.468885 -3.31985   ...  0 0 0 0 0 0 0 0 0 0 
               .
               .
               .
             0 0 0 0 0 0 0 0 0 0   ...  -4.72034 0.441402 1.03243 0 0 0 0 0 0 0 
             0 0 0 0 0 0 0 0 0 0   ...  0.441402 -4.03459 0.410125 0 0 0 0 1.83347 -0.248832 0 
             0 0 0 0 0 0 0 0 0 0   ...  1.03243 0.410125 -4.09831 0 0 0 0 0 0.582312 1.50119 
             0 0 0 0 0 0 0 0 0 0   ...  0 0 0 -4.24288 1.6892 0.575143 0 0 0 0 
             0 0 0 0 0 0 0 0 0 0   ...  0 0 0 1.6892 -4.71933 0.440374 1.04184 0 0 0 
             0 0 0 0 0 0 0 0 0 0   ...  0 0 0 0.575143 0.440374 -4.04126 0.415434 1.82675 0.672971 0 
             0 0 0 0 0 0 0 0 0 0   ...  0 0 0 0 1.04184 0.415434 -4.1226 0 0 0 
             0 0 0 0 0 0 0 0 0 0   ...  0 1.83347 0 0 0 1.82675 0 -5.19462 0.763882 0 
             0 0 0 0 0 0 0 0 0 0   ...  0 -0.248832 0.582312 0 0 0.672971 0 0.763882 -3.63555 0.698527 
             0 0 0 0 0 0 0 0 0 0   ...  0 0 1.50119 0 0 0 0 0 0.698527 -4.30381 

b(psi_16) = 
 0 -2.92818 -3.85566 -2.14106 -2.03527 -2.12457 0.0837467 0.0469179 -2.49434 -2.84226  ...  4.40162 1.70132 3.20686 2.57132 4.4008 1.6286 3.22783 3.92469 1.22147 2.06299
A(psi_17) = 
             1 0 0 0 0 0 0 0 0 0   ...  0 0 0 0 0 0 0 0 0 0 
             0.678028 -3.34903 0.574095 0 0 0.517577 0 0 0 0   ...  0 0 0 0 0 0 0 0 0 0 
             0.793867 0.574095 -3.29268 0 0 0 0 0 0 0   ...  0 0 0 0 0 0 0 0 0 0 
             0.667835 0 0 -3.32193 0.489671 0.484486 0 0.682616 0 0   ...  0 0 0 0 0 0 0 0 0 0 
             0 0 0 0.489671 -3.31839 0.490679 0.679066 0.677622 0 0   ...  0 0 0 0 0 0 0 0 0 0 
             0.668786 0.517577 0 0.484486 0.490679 -3.32173 0.6808 0 0 0   ...  0 0 0 0 0 0 0 0 0 0 
             0 0 0 0 0.679066 0.6808 -3.4646 0 0 0   ...  0 0 0 0 0 0 0 0 0 0 
             0 0 0 0.682616 0.677622 0 0 -3.46562 0.714982 0   ...  0 0 0 0 0 0 0 0 0 0 
             0 0 0 0 0 0 0 0.714982 -3.34719 0.468132   ...  0 0 0 0 0 0 0 0 0 0 
             0 0 0 0 0 0 0 0 0.468132 -3.32211   ...  0 0 0 0 0 0 0 0 0 0 
               .
               .
               .
             0 0 0 0 0 0 0 0 0 0   ...  -4.70991 0.443498 1.03519 0 0 0 0 0 0 0 
             0 0 0 0 0 0 0 0 0 0   ...  0.443498 -4.02883 0.411447 0 0 0 0 1.8339 -0.249604 0 
             0 0 0 0 0 0 0 0 0 0   ...  1.03519 0.411447 -4.09575 0 0 0 0 0 0.58431 1.49685 
             0 0 0 0 0 0 0 0 0 0   ...  0 0 0 -4.24447 1.68371 0.570738 0 0 0 0 
             0 0 0 0 0 0 0 0 0 0   ...  0 0 0 1.68371 -4.70898 0.44226 1.04505 0 0 0 
             0 0 0 0 0 0 0 0 0 0   ...  0 0 0 0.570738 0.44226 -4.03394 0.417307 1.82607 0.669536 0 
             0 0 0 0 0 0 0 0 0 0   ...  0 0 0 0 1.04505 0.417307 -4.12202 0 0 0 
             0 0 0 0 0 0 0 0 0 0   ...  0 1.8339 0 0 0 1.82607 0 -5.19358 0.764026 0 
             0 0 0 0 0 0 0 0 0 0   ...  0 -0.249604 0.58431 0 0 0.669536 0 0.764026 -3.62841 0.697339 
             0 0 0 0 0 0 0 0 0 0   ...  0 0 1.49685 0 0 0 0 0 0.697339 -4.29993 

b(psi_17) = 
 0 -2.86477 -3.83162 -2.04794 -1.93467 -2.03106 0.154539 0.116883 -2.41921 -2.78786  ...  4.3498 1.68659 3.16587 2.52268 4.3498 1.61781 3.1848 3.8718 1.17431 1.99847
A(psi_18) = 
             1 0 0 0 0 0 0 0 0 0   ...  0 0 0 0 0 0 0 0 0 0 
             0.67775 -3.35139 0.574685 0 0 0.519702 0 0 0 0   ...  0 0 0 0 0 0 0 0 0 0 
             0.79997 0.574685 -3.29316 0 0 0 0 0 0 0   ...  0 0 0 0 0 0 0 0 0 0 
             0.666863 0 0 -3.32335 0.490001 0.484655 0 0.682647 0 0   ...  0 0 0 0 0 0 0 0 0 0 
             0 0 0 0.490001 -3.31963 0.491096 0.678946 0.67743 0 0   ...  0 0 0 0 0 0 0 0 0 0 
             0.667789 0.519702 0 0.484655 0.491096 -3.3231 0.680617 0 0 0   ...  0 0 0 0 0 0 0 0 0 0 
             0 0 0 0 0.678946 0.680617 -3.46676 0 0 0   ...  0 0 0 0 0 0 0 0 0 0 
             0 0 0 0.682647 0.67743 0 0 -3.46783 0.716417 0   ...  0 0 0 0 0 0 0 0 0 0 
             0 0 0 0 0 0 0 0.716417 -3.3502 0.467375   ...  0 0 0 0 0 0 0 0 0 0 
             0 0 0 0 0 0 0 0 0.467375 -3.32438   ...  0 0 0 0 0 0 0 0 0 0 
               .
               .
               .
             0 0 0 0 0 0 0 0 0 0   ...  -4.6995 0.445332 1.0379 0 0 0 0 0 0 0 
             0 0 0 0 0 0 0 0 0 0   ...  0.445332 -4.02249 0.412823 0 0 0 0 1.83337 -0.25002 0 
             0 0 0 0 0 0 0 0 0 0   ...  1.0379 0.412823 -4.09362 0 0 0 0 0 0.586275 1.49278 
             0 0 0 0 0 0 0 0 0 0   ...  0 0 0 -4.24632 1.67847 0.566383 0 0 0 0 
             0 0 0 0 0 0 0 0 0 0   ...  0 0 0 1.67847 -4.69872 0.443864 1.04821 0 0 0 
             0 0 0 0 0 0 0 0 0 0   ...  0 0 0 0.566383 0.443864 -4.02586 0.419247 1.82431 0.666269 0 
             0 0 0 0 0 0 0 0 0 0   ...  0 0 0 0 1.04821 0.419247 -4.12192 0 0 0 
             0 0 0 0 0 0 0 0 0 0   ...  0 1.83337 0 0 0 1.82431 0 -5.18963 0.763846 0 
             0 0 0 0 0 0 0 0 0 0   ...  0 -0.25002 0.586275 0 0 0.666269 0 0.763846 -3.62143 0.696079 
             0 0 0 0 0 0 0 0 0 0   ...  0 0 1.49278 0 0 0 0 0 0.696079 -4.29638 

b(psi_18) = 
 0 -2.80247 -3.80663 -1.95864 -1.8386 -1.94139 0.221973 0.183571 -2.34581 -2.73395  ...  4.29992 1.67206 3.12303 2.47371 4.30068 1.6073 3.13933 3.83069 1.12613 1.93395
A(psi_19) = 
             1 0 0 0 0 0 0 0 0 0   ...  0 0 0 0 0 0 0 0 0 0 
             0.677468 -3.35375 0.575293 0 0 0.521812 0 0 0 0   ...  0 0 0 0 0 0 0 0 0 0 
             0.806024 0.575293 -3.29383 0 0 0 0 0 0 0   ...  0 0 0 0 0 0 0 0 0 0 
             0.665888 0 0 -3.3247 0.490304 0.484821 0 0.682684 0 0   ...  0 0 0 0 0 0 0 0 0 0 
             0 0 0 0.490304 -3.32079 0.491487 0.67884 0.677251 0 0   ...  0 0 0 0 0 0 0 0 0 0 
             0.666778 0.521812 0 0.484821 0.491487 -3.3244 0.680428 0 0 0   ...  0 0 0 0 0 0 0 0 0 0 
             0 0 0 0 0.67884 0.680428 -3.46882 0 0 0   ...  0 0 0 0 0 0 0 0 0 0 
             0 0 0 0.682684 0.677251 0 0 -3.46995 0.717796 0   ...  0 0 0 0 0 0 0 0 0 0 
             0 0 0 0 0 0 0 0.717796 -3.35313 0.466613   ...  0 0 0 0 0 0 0 0 0 0 
             0 0 0 0 0 0 0 0 0.466613 -3.32665   ...  0 0 0 0 0 0 0 0 0 0 
               .
               .
               .
             0 0 0 0 0 0 0 0 0 0   ...  -4.68917 0.446913 1.04058 0 0 0 0 0 0 0 
             0 0 0 0 0 0 0 0 0 0   ...  0.446913 -4.01555 0.414246 0 0 0 0 1.8319 -0.250087 0 
             0 0 0 0 0 0 0 0 0 0   ...  1.04058 0.414246 -4.09192 0 0 0 0 0 0.588211 1.489 
             0 0 0 0 0 0 0 0 0 0   ...  0 0 0 -4.24842 1.67351 0.562079 0 0 0 0 
             0 0 0 0 0 0 0 0 0 0   ...  0 0 0 1.67351 -4.6886 0.445195 1.05133 0 0 0 
             0 0 0 0 0 0 0 0 0 0   ...  0 0 0 0.562079 0.445195 -4.01702 0.421245 1.82147 0.663169 0 
             0 0 0 0 0 0 0 0 0 0   ...  0 0 0 0 1.05133 0.421245 -4.12231 0 0 0 
             0 0 0 0 0 0 0 0 0 0   ...  0 1.8319 0 0 0 1.82147 0 -5.1828 0.76335 0 
             0 0 0 0 0 0 0 0 0 0   ...  0 -0.250087 0.588211 0 0 0.663169 0 0.76335 -3.61464 0.694754 
             0 0 0 0 0 0 0 0 0 0   ...  0 0 1.489 0 0 0 0 0 0.694754 -4.29316 

b(psi_19) = 
 0 -2.74122 -3.78065 -1.87294 -1.74679 -1.85532 0.28622 0.247141 -2.27409 -2.68052  ...  4.25176 1.65741 3.07834 2.42438 4.25321 1.59671 3.09138 3.80107 1.07683 1.86952
A(psi_20) = 
             1 0 0 0 0 0 0 0 0 0   ...  0 0 0 0 0 0 0 0 0 0 
             0.67718 -3.3561 0.575913 0 0 0.523904 0 0 0 0   ...  0 0 0 0 0 0 0 0 0 0 
             0.812031 0.575913 -3.29467 0 0 0 0 0 0 0   ...  0 0 0 0 0 0 0 0 0 0 
             0.664908 0 0 -3.32598 0.490582 0.484984 0 0.682729 0 0   ...  0 0 0 0 0 0 0 0 0 0 
             0 0 0 0.490582 -3.32189 0.491856 0.678745 0.677086 0 0   ...  0 0 0 0 0 0 0 0 0 0 
             0.665753 0.523904 0 0.484984 0.491856 -3.32562 0.680235 0 0 0   ...  0 0 0 0 0 0 0 0 0 0 
             0 0 0 0 0.678745 0.680235 -3.47079 0 0 0   ...  0 0 0 0 0 0 0 0 0 0 
             0 0 0 0.682729 0.677086 0 0 -3.47198 0.719118 0   ...  0 0 0 0 0 0 0 0 0 0 
             0 0 0 0 0 0 0 0.719118 -3.356 0.465846   ...  0 0 0 0 0 0 0 0 0 0 
             0 0 0 0 0 0 0 0 0.465846 -3.32892   ...  0 0 0 0 0 0 0 0 0 0 
               .
               .
               .
             0 0 0 0 0 0 0 0 0 0   ...  -4.67896 0.44825 1.04324 0 0 0 0 0 0 0 
             0 0 0 0 0 0 0 0 0 0   ...  0.44825 -4.00804 0.415706 0 0 0 0 1.8295 -0.24982 0 
             0 0 0 0 0 0 0 0 0 0   ...  1.04324 0.415706 -4.09064 0 0 0 0 0 0.590121 1.48548 
             0 0 0 0 0 0 0 0 0 0   ...  0 0 0 -4.25077 1.66883 0.557825 0 0 0 0 
             0 0 0 0 0 0 0 0 0 0   ...  0 0 0 1.66883 -4.67867 0.446265 1.05442 0 0 0 
             0 0 0 0 0 0 0 0 0 0   ...  0 0 0 0.557825 0.446265 -4.00744 0.423289 1.81759 0.660239 0 
             0 0 0 0 0 0 0 0 0 0   ...  0 0 0 0 1.05442 0.423289 -4.12319 0 0 0 
             0 0 0 0 0 0 0 0 0 0   ...  0 1.8295 0 0 0 1.81759 0 -5.1732 0.762548 0 
             0 0 0 0 0 0 0 0 0 0   ...  0 -0.24982 0.590121 0 0 0.660239 0 0.762548 -3.60803 0.693365 
             0 0 0 0 0 0 0 0 0 0   ...  0 0 1.48548 0 0 0 0 0 0.693365 -4.29024 

b(psi_20) = 
 0 -2.68098 -3.75372 -1.79068 -1.659 -1.77269 0.347445 0.307744 -2.20399 -2.62753  ...  4.20512 1.64232 3.03181 2.3747 4.20717 1.58564 3.04094 3.78241 1.02633 1.80528
A(psi_21) = 
             1 0 0 0 0 0 0 0 0 0   ...  0 0 0 0 0 0 0 0 0 0 
             0.676886 -3.35845 0.576545 0 0 0.52598 0 0 0 0   ...  0 0 0 0 0 0 0 0 0 0 
             0.817994 0.576545 -3.29568 0 0 0 0 0 0 0   ...  0 0 0 0 0 0 0 0 0 0 
             0.663926 0 0 -3.32719 0.490836 0.485146 0 0.682782 0 0   ...  0 0 0 0 0 0 0 0 0 0 
             0 0 0 0.490836 -3.32291 0.492202 0.678661 0.676934 0 0   ...  0 0 0 0 0 0 0 0 0 0 
